Cinput1	 Cinput2	 K0	 v0	 ero_rate	 depo_rate1	 depo_rate2	 RRMSE
14.000000	 19.000000	 0.000500	 0.020000	 0.000100	 -0.001000	 -0.003000	 5.217015
14.000000	 19.000000	 0.000500	 0.020000	 0.000100	 -0.001000	 -0.002500	 5.236089
14.000000	 19.000000	 0.000500	 0.020000	 0.000100	 -0.001000	 -0.002000	 5.353500
14.000000	 19.000000	 0.000500	 0.020000	 0.000100	 -0.001000	 -0.001500	 5.578990
14.000000	 19.000000	 0.000500	 0.020000	 0.000100	 -0.001000	 -0.001000	 5.913998
14.000000	 19.000000	 0.000500	 0.020000	 0.000100	 -0.001000	 -0.000500	 6.353992
14.000000	 19.000000	 0.000500	 0.020000	 0.000100	 -0.000800	 -0.003000	 5.236516
14.000000	 19.000000	 0.000500	 0.020000	 0.000100	 -0.000800	 -0.002500	 5.255519
14.000000	 19.000000	 0.000500	 0.020000	 0.000100	 -0.000800	 -0.002000	 5.372505
14.000000	 19.000000	 0.000500	 0.020000	 0.000100	 -0.000800	 -0.001500	 5.597229
14.000000	 19.000000	 0.000500	 0.020000	 0.000100	 -0.000800	 -0.001000	 5.931207
14.000000	 19.000000	 0.000500	 0.020000	 0.000100	 -0.000800	 -0.000500	 6.370012
14.000000	 19.000000	 0.000500	 0.020000	 0.000100	 -0.000600	 -0.003000	 5.279420
14.000000	 19.000000	 0.000500	 0.020000	 0.000100	 -0.000600	 -0.002500	 5.298269
14.000000	 19.000000	 0.000500	 0.020000	 0.000100	 -0.000600	 -0.002000	 5.414332
14.000000	 19.000000	 0.000500	 0.020000	 0.000100	 -0.000600	 -0.001500	 5.637388
14.000000	 19.000000	 0.000500	 0.020000	 0.000100	 -0.000600	 -0.001000	 5.969120
14.000000	 19.000000	 0.000500	 0.020000	 0.000100	 -0.000600	 -0.000500	 6.405328
14.000000	 19.000000	 0.000500	 0.020000	 0.000300	 -0.001000	 -0.003000	 5.209763
14.000000	 19.000000	 0.000500	 0.020000	 0.000300	 -0.001000	 -0.002500	 5.228864
14.000000	 19.000000	 0.000500	 0.020000	 0.000300	 -0.001000	 -0.002000	 5.346433
14.000000	 19.000000	 0.000500	 0.020000	 0.000300	 -0.001000	 -0.001500	 5.572209
14.000000	 19.000000	 0.000500	 0.020000	 0.000300	 -0.001000	 -0.001000	 5.907602
14.000000	 19.000000	 0.000500	 0.020000	 0.000300	 -0.001000	 -0.000500	 6.348039
14.000000	 19.000000	 0.000500	 0.020000	 0.000300	 -0.000800	 -0.003000	 5.229291
14.000000	 19.000000	 0.000500	 0.020000	 0.000300	 -0.000800	 -0.002500	 5.248320
14.000000	 19.000000	 0.000500	 0.020000	 0.000300	 -0.000800	 -0.002000	 5.365463
14.000000	 19.000000	 0.000500	 0.020000	 0.000300	 -0.000800	 -0.001500	 5.590470
14.000000	 19.000000	 0.000500	 0.020000	 0.000300	 -0.000800	 -0.001000	 5.924830
14.000000	 19.000000	 0.000500	 0.020000	 0.000300	 -0.000800	 -0.000500	 6.364074
14.000000	 19.000000	 0.000500	 0.020000	 0.000300	 -0.000600	 -0.003000	 5.272253
14.000000	 19.000000	 0.000500	 0.020000	 0.000300	 -0.000600	 -0.002500	 5.291128
14.000000	 19.000000	 0.000500	 0.020000	 0.000300	 -0.000600	 -0.002000	 5.407344
14.000000	 19.000000	 0.000500	 0.020000	 0.000300	 -0.000600	 -0.001500	 5.630678
14.000000	 19.000000	 0.000500	 0.020000	 0.000300	 -0.000600	 -0.001000	 5.962783
14.000000	 19.000000	 0.000500	 0.020000	 0.000300	 -0.000600	 -0.000500	 6.399423
14.000000	 19.000000	 0.000500	 0.020000	 0.000500	 -0.001000	 -0.003000	 5.211093
14.000000	 19.000000	 0.000500	 0.020000	 0.000500	 -0.001000	 -0.002500	 5.230188
14.000000	 19.000000	 0.000500	 0.020000	 0.000500	 -0.001000	 -0.002000	 5.347729
14.000000	 19.000000	 0.000500	 0.020000	 0.000500	 -0.001000	 -0.001500	 5.573451
14.000000	 19.000000	 0.000500	 0.020000	 0.000500	 -0.001000	 -0.001000	 5.908774
14.000000	 19.000000	 0.000500	 0.020000	 0.000500	 -0.001000	 -0.000500	 6.349130
14.000000	 19.000000	 0.000500	 0.020000	 0.000500	 -0.000800	 -0.003000	 5.230615
14.000000	 19.000000	 0.000500	 0.020000	 0.000500	 -0.000800	 -0.002500	 5.249639
14.000000	 19.000000	 0.000500	 0.020000	 0.000500	 -0.000800	 -0.002000	 5.366754
14.000000	 19.000000	 0.000500	 0.020000	 0.000500	 -0.000800	 -0.001500	 5.591709
14.000000	 19.000000	 0.000500	 0.020000	 0.000500	 -0.000800	 -0.001000	 5.925999
14.000000	 19.000000	 0.000500	 0.020000	 0.000500	 -0.000800	 -0.000500	 6.365162
14.000000	 19.000000	 0.000500	 0.020000	 0.000500	 -0.000600	 -0.003000	 5.273567
14.000000	 19.000000	 0.000500	 0.020000	 0.000500	 -0.000600	 -0.002500	 5.292437
14.000000	 19.000000	 0.000500	 0.020000	 0.000500	 -0.000600	 -0.002000	 5.408625
14.000000	 19.000000	 0.000500	 0.020000	 0.000500	 -0.000600	 -0.001500	 5.631908
14.000000	 19.000000	 0.000500	 0.020000	 0.000500	 -0.000600	 -0.001000	 5.963944
14.000000	 19.000000	 0.000500	 0.020000	 0.000500	 -0.000600	 -0.000500	 6.400505
14.000000	 19.000000	 0.000500	 0.020000	 0.000700	 -0.001000	 -0.003000	 5.220909
14.000000	 19.000000	 0.000500	 0.020000	 0.000700	 -0.001000	 -0.002500	 5.239969
14.000000	 19.000000	 0.000500	 0.020000	 0.000700	 -0.001000	 -0.002000	 5.357295
14.000000	 19.000000	 0.000500	 0.020000	 0.000700	 -0.001000	 -0.001500	 5.582631
14.000000	 19.000000	 0.000500	 0.020000	 0.000700	 -0.001000	 -0.001000	 5.917433
14.000000	 19.000000	 0.000500	 0.020000	 0.000700	 -0.001000	 -0.000500	 6.357189
14.000000	 19.000000	 0.000500	 0.020000	 0.000700	 -0.000800	 -0.003000	 5.240395
14.000000	 19.000000	 0.000500	 0.020000	 0.000700	 -0.000800	 -0.002500	 5.259384
14.000000	 19.000000	 0.000500	 0.020000	 0.000700	 -0.000800	 -0.002000	 5.376286
14.000000	 19.000000	 0.000500	 0.020000	 0.000700	 -0.000800	 -0.001500	 5.600858
14.000000	 19.000000	 0.000500	 0.020000	 0.000700	 -0.000800	 -0.001000	 5.934632
14.000000	 19.000000	 0.000500	 0.020000	 0.000700	 -0.000800	 -0.000500	 6.373201
14.000000	 19.000000	 0.000500	 0.020000	 0.000700	 -0.000600	 -0.003000	 5.283267
14.000000	 19.000000	 0.000500	 0.020000	 0.000700	 -0.000600	 -0.002500	 5.302103
14.000000	 19.000000	 0.000500	 0.020000	 0.000700	 -0.000600	 -0.002000	 5.418083
14.000000	 19.000000	 0.000500	 0.020000	 0.000700	 -0.000600	 -0.001500	 5.640992
14.000000	 19.000000	 0.000500	 0.020000	 0.000700	 -0.000600	 -0.001000	 5.972523
14.000000	 19.000000	 0.000500	 0.020000	 0.000700	 -0.000600	 -0.000500	 6.408500
14.000000	 19.000000	 0.000500	 0.030000	 0.000100	 -0.001000	 -0.003000	 4.583358
14.000000	 19.000000	 0.000500	 0.030000	 0.000100	 -0.001000	 -0.002500	 4.538464
14.000000	 19.000000	 0.000500	 0.030000	 0.000100	 -0.001000	 -0.002000	 4.580930
14.000000	 19.000000	 0.000500	 0.030000	 0.000100	 -0.001000	 -0.001500	 4.722075
14.000000	 19.000000	 0.000500	 0.030000	 0.000100	 -0.001000	 -0.001000	 4.965298
14.000000	 19.000000	 0.000500	 0.030000	 0.000100	 -0.001000	 -0.000500	 5.307438
14.000000	 19.000000	 0.000500	 0.030000	 0.000100	 -0.000800	 -0.003000	 4.566019
14.000000	 19.000000	 0.000500	 0.030000	 0.000100	 -0.000800	 -0.002500	 4.520954
14.000000	 19.000000	 0.000500	 0.030000	 0.000100	 -0.000800	 -0.002000	 4.563582
14.000000	 19.000000	 0.000500	 0.030000	 0.000100	 -0.000800	 -0.001500	 4.705248
14.000000	 19.000000	 0.000500	 0.030000	 0.000100	 -0.000800	 -0.001000	 4.949298
14.000000	 19.000000	 0.000500	 0.030000	 0.000100	 -0.000800	 -0.000500	 5.292472
14.000000	 19.000000	 0.000500	 0.030000	 0.000100	 -0.000600	 -0.003000	 4.569909
14.000000	 19.000000	 0.000500	 0.030000	 0.000100	 -0.000600	 -0.002500	 4.524882
14.000000	 19.000000	 0.000500	 0.030000	 0.000100	 -0.000600	 -0.002000	 4.567474
14.000000	 19.000000	 0.000500	 0.030000	 0.000100	 -0.000600	 -0.001500	 4.709023
14.000000	 19.000000	 0.000500	 0.030000	 0.000100	 -0.000600	 -0.001000	 4.952887
14.000000	 19.000000	 0.000500	 0.030000	 0.000100	 -0.000600	 -0.000500	 5.295828
14.000000	 19.000000	 0.000500	 0.030000	 0.000300	 -0.001000	 -0.003000	 4.549985
14.000000	 19.000000	 0.000500	 0.030000	 0.000300	 -0.001000	 -0.002500	 4.504759
14.000000	 19.000000	 0.000500	 0.030000	 0.000300	 -0.001000	 -0.002000	 4.547540
14.000000	 19.000000	 0.000500	 0.030000	 0.000300	 -0.001000	 -0.001500	 4.689690
14.000000	 19.000000	 0.000500	 0.030000	 0.000300	 -0.001000	 -0.001000	 4.934509
14.000000	 19.000000	 0.000500	 0.030000	 0.000300	 -0.001000	 -0.000500	 5.278645
14.000000	 19.000000	 0.000500	 0.030000	 0.000300	 -0.000800	 -0.003000	 4.532519
14.000000	 19.000000	 0.000500	 0.030000	 0.000300	 -0.000800	 -0.002500	 4.487117
14.000000	 19.000000	 0.000500	 0.030000	 0.000300	 -0.000800	 -0.002000	 4.530064
14.000000	 19.000000	 0.000500	 0.030000	 0.000300	 -0.000800	 -0.001500	 4.672746
14.000000	 19.000000	 0.000500	 0.030000	 0.000300	 -0.000800	 -0.001000	 4.918409
14.000000	 19.000000	 0.000500	 0.030000	 0.000300	 -0.000800	 -0.000500	 5.263597
14.000000	 19.000000	 0.000500	 0.030000	 0.000300	 -0.000600	 -0.003000	 4.536438
14.000000	 19.000000	 0.000500	 0.030000	 0.000300	 -0.000600	 -0.002500	 4.491075
14.000000	 19.000000	 0.000500	 0.030000	 0.000300	 -0.000600	 -0.002000	 4.533985
14.000000	 19.000000	 0.000500	 0.030000	 0.000300	 -0.000600	 -0.001500	 4.676547
14.000000	 19.000000	 0.000500	 0.030000	 0.000300	 -0.000600	 -0.001000	 4.922020
14.000000	 19.000000	 0.000500	 0.030000	 0.000300	 -0.000600	 -0.000500	 5.266972
14.000000	 19.000000	 0.000500	 0.030000	 0.000500	 -0.001000	 -0.003000	 4.529589
14.000000	 19.000000	 0.000500	 0.030000	 0.000500	 -0.001000	 -0.002500	 4.484157
14.000000	 19.000000	 0.000500	 0.030000	 0.000500	 -0.001000	 -0.002000	 4.527132
14.000000	 19.000000	 0.000500	 0.030000	 0.000500	 -0.001000	 -0.001500	 4.669904
14.000000	 19.000000	 0.000500	 0.030000	 0.000500	 -0.001000	 -0.001000	 4.915709
14.000000	 19.000000	 0.000500	 0.030000	 0.000500	 -0.001000	 -0.000500	 5.261074
14.000000	 19.000000	 0.000500	 0.030000	 0.000500	 -0.000800	 -0.003000	 4.512043
14.000000	 19.000000	 0.000500	 0.030000	 0.000500	 -0.000800	 -0.002500	 4.466433
14.000000	 19.000000	 0.000500	 0.030000	 0.000500	 -0.000800	 -0.002000	 4.509577
14.000000	 19.000000	 0.000500	 0.030000	 0.000500	 -0.000800	 -0.001500	 4.652888
14.000000	 19.000000	 0.000500	 0.030000	 0.000500	 -0.000800	 -0.001000	 4.899546
14.000000	 19.000000	 0.000500	 0.030000	 0.000500	 -0.000800	 -0.000500	 5.245976
14.000000	 19.000000	 0.000500	 0.030000	 0.000500	 -0.000600	 -0.003000	 4.515980
14.000000	 19.000000	 0.000500	 0.030000	 0.000500	 -0.000600	 -0.002500	 4.470410
14.000000	 19.000000	 0.000500	 0.030000	 0.000500	 -0.000600	 -0.002000	 4.513516
14.000000	 19.000000	 0.000500	 0.030000	 0.000500	 -0.000600	 -0.001500	 4.656705
14.000000	 19.000000	 0.000500	 0.030000	 0.000500	 -0.000600	 -0.001000	 4.903172
14.000000	 19.000000	 0.000500	 0.030000	 0.000500	 -0.000600	 -0.000500	 5.249362
14.000000	 19.000000	 0.000500	 0.030000	 0.000700	 -0.001000	 -0.003000	 4.521069
14.000000	 19.000000	 0.000500	 0.030000	 0.000700	 -0.001000	 -0.002500	 4.475551
14.000000	 19.000000	 0.000500	 0.030000	 0.000700	 -0.001000	 -0.002000	 4.518608
14.000000	 19.000000	 0.000500	 0.030000	 0.000700	 -0.001000	 -0.001500	 4.661641
14.000000	 19.000000	 0.000500	 0.030000	 0.000700	 -0.001000	 -0.001000	 4.907859
14.000000	 19.000000	 0.000500	 0.030000	 0.000700	 -0.001000	 -0.000500	 5.253741
14.000000	 19.000000	 0.000500	 0.030000	 0.000700	 -0.000800	 -0.003000	 4.503491
14.000000	 19.000000	 0.000500	 0.030000	 0.000700	 -0.000800	 -0.002500	 4.457793
14.000000	 19.000000	 0.000500	 0.030000	 0.000700	 -0.000800	 -0.002000	 4.501020
14.000000	 19.000000	 0.000500	 0.030000	 0.000700	 -0.000800	 -0.001500	 4.644594
14.000000	 19.000000	 0.000500	 0.030000	 0.000700	 -0.000800	 -0.001000	 4.891671
14.000000	 19.000000	 0.000500	 0.030000	 0.000700	 -0.000800	 -0.000500	 5.238622
14.000000	 19.000000	 0.000500	 0.030000	 0.000700	 -0.000600	 -0.003000	 4.507435
14.000000	 19.000000	 0.000500	 0.030000	 0.000700	 -0.000600	 -0.002500	 4.461777
14.000000	 19.000000	 0.000500	 0.030000	 0.000700	 -0.000600	 -0.002000	 4.504966
14.000000	 19.000000	 0.000500	 0.030000	 0.000700	 -0.000600	 -0.001500	 4.648418
14.000000	 19.000000	 0.000500	 0.030000	 0.000700	 -0.000600	 -0.001000	 4.895302
14.000000	 19.000000	 0.000500	 0.030000	 0.000700	 -0.000600	 -0.000500	 5.242013
14.000000	 19.000000	 0.000500	 0.040000	 0.000100	 -0.001000	 -0.003000	 5.416611
14.000000	 19.000000	 0.000500	 0.040000	 0.000100	 -0.001000	 -0.002500	 5.330586
14.000000	 19.000000	 0.000500	 0.040000	 0.000100	 -0.001000	 -0.002000	 5.299530
14.000000	 19.000000	 0.000500	 0.040000	 0.000100	 -0.001000	 -0.001500	 5.334452
14.000000	 19.000000	 0.000500	 0.040000	 0.000100	 -0.001000	 -0.001000	 5.443478
14.000000	 19.000000	 0.000500	 0.040000	 0.000100	 -0.001000	 -0.000500	 5.631697
14.000000	 19.000000	 0.000500	 0.040000	 0.000100	 -0.000800	 -0.003000	 5.380119
14.000000	 19.000000	 0.000500	 0.040000	 0.000100	 -0.000800	 -0.002500	 5.293501
14.000000	 19.000000	 0.000500	 0.040000	 0.000100	 -0.000800	 -0.002000	 5.262227
14.000000	 19.000000	 0.000500	 0.040000	 0.000100	 -0.000800	 -0.001500	 5.297395
14.000000	 19.000000	 0.000500	 0.040000	 0.000100	 -0.000800	 -0.001000	 5.407167
14.000000	 19.000000	 0.000500	 0.040000	 0.000100	 -0.000800	 -0.000500	 5.596608
14.000000	 19.000000	 0.000500	 0.040000	 0.000100	 -0.000600	 -0.003000	 5.358271
14.000000	 19.000000	 0.000500	 0.040000	 0.000100	 -0.000600	 -0.002500	 5.271294
14.000000	 19.000000	 0.000500	 0.040000	 0.000100	 -0.000600	 -0.002000	 5.239887
14.000000	 19.000000	 0.000500	 0.040000	 0.000100	 -0.000600	 -0.001500	 5.275204
14.000000	 19.000000	 0.000500	 0.040000	 0.000100	 -0.000600	 -0.001000	 5.385429
14.000000	 19.000000	 0.000500	 0.040000	 0.000100	 -0.000600	 -0.000500	 5.575609
14.000000	 19.000000	 0.000500	 0.040000	 0.000300	 -0.001000	 -0.003000	 5.367056
14.000000	 19.000000	 0.000500	 0.040000	 0.000300	 -0.001000	 -0.002500	 5.280223
14.000000	 19.000000	 0.000500	 0.040000	 0.000300	 -0.001000	 -0.002000	 5.248870
14.000000	 19.000000	 0.000500	 0.040000	 0.000300	 -0.001000	 -0.001500	 5.284127
14.000000	 19.000000	 0.000500	 0.040000	 0.000300	 -0.001000	 -0.001000	 5.394170
14.000000	 19.000000	 0.000500	 0.040000	 0.000300	 -0.001000	 -0.000500	 5.584051
14.000000	 19.000000	 0.000500	 0.040000	 0.000300	 -0.000800	 -0.003000	 5.330225
14.000000	 19.000000	 0.000500	 0.040000	 0.000300	 -0.000800	 -0.002500	 5.242782
14.000000	 19.000000	 0.000500	 0.040000	 0.000300	 -0.000800	 -0.002000	 5.211204
14.000000	 19.000000	 0.000500	 0.040000	 0.000300	 -0.000800	 -0.001500	 5.246714
14.000000	 19.000000	 0.000500	 0.040000	 0.000300	 -0.000800	 -0.001000	 5.357525
14.000000	 19.000000	 0.000500	 0.040000	 0.000300	 -0.000800	 -0.000500	 5.548661
14.000000	 19.000000	 0.000500	 0.040000	 0.000300	 -0.000600	 -0.003000	 5.308172
14.000000	 19.000000	 0.000500	 0.040000	 0.000300	 -0.000600	 -0.002500	 5.220360
14.000000	 19.000000	 0.000500	 0.040000	 0.000300	 -0.000600	 -0.002000	 5.188645
14.000000	 19.000000	 0.000500	 0.040000	 0.000300	 -0.000600	 -0.001500	 5.224308
14.000000	 19.000000	 0.000500	 0.040000	 0.000300	 -0.000600	 -0.001000	 5.335585
14.000000	 19.000000	 0.000500	 0.040000	 0.000300	 -0.000600	 -0.000500	 5.527479
14.000000	 19.000000	 0.000500	 0.040000	 0.000500	 -0.001000	 -0.003000	 5.332181
14.000000	 19.000000	 0.000500	 0.040000	 0.000500	 -0.001000	 -0.002500	 5.244771
14.000000	 19.000000	 0.000500	 0.040000	 0.000500	 -0.001000	 -0.002000	 5.213205
14.000000	 19.000000	 0.000500	 0.040000	 0.000500	 -0.001000	 -0.001500	 5.248701
14.000000	 19.000000	 0.000500	 0.040000	 0.000500	 -0.001000	 -0.001000	 5.359471
14.000000	 19.000000	 0.000500	 0.040000	 0.000500	 -0.001000	 -0.000500	 5.550540
14.000000	 19.000000	 0.000500	 0.040000	 0.000500	 -0.000800	 -0.003000	 5.295108
14.000000	 19.000000	 0.000500	 0.040000	 0.000500	 -0.000800	 -0.002500	 5.207075
14.000000	 19.000000	 0.000500	 0.040000	 0.000500	 -0.000800	 -0.002000	 5.175279
14.000000	 19.000000	 0.000500	 0.040000	 0.000500	 -0.000800	 -0.001500	 5.211034
14.000000	 19.000000	 0.000500	 0.040000	 0.000500	 -0.000800	 -0.001000	 5.322588
14.000000	 19.000000	 0.000500	 0.040000	 0.000500	 -0.000800	 -0.000500	 5.514935
14.000000	 19.000000	 0.000500	 0.040000	 0.000500	 -0.000600	 -0.003000	 5.272907
14.000000	 19.000000	 0.000500	 0.040000	 0.000500	 -0.000600	 -0.002500	 5.184498
14.000000	 19.000000	 0.000500	 0.040000	 0.000500	 -0.000600	 -0.002000	 5.152562
14.000000	 19.000000	 0.000500	 0.040000	 0.000500	 -0.000600	 -0.001500	 5.188474
14.000000	 19.000000	 0.000500	 0.040000	 0.000500	 -0.000600	 -0.001000	 5.300503
14.000000	 19.000000	 0.000500	 0.040000	 0.000500	 -0.000600	 -0.000500	 5.493623
14.000000	 19.000000	 0.000500	 0.040000	 0.000700	 -0.001000	 -0.003000	 5.309038
14.000000	 19.000000	 0.000500	 0.040000	 0.000700	 -0.001000	 -0.002500	 5.221241
14.000000	 19.000000	 0.000500	 0.040000	 0.000700	 -0.001000	 -0.002000	 5.189531
14.000000	 19.000000	 0.000500	 0.040000	 0.000700	 -0.001000	 -0.001500	 5.225189
14.000000	 19.000000	 0.000500	 0.040000	 0.000700	 -0.001000	 -0.001000	 5.336447
14.000000	 19.000000	 0.000500	 0.040000	 0.000700	 -0.001000	 -0.000500	 5.528312
14.000000	 19.000000	 0.000500	 0.040000	 0.000700	 -0.000800	 -0.003000	 5.271802
14.000000	 19.000000	 0.000500	 0.040000	 0.000700	 -0.000800	 -0.002500	 5.183374
14.000000	 19.000000	 0.000500	 0.040000	 0.000700	 -0.000800	 -0.002000	 5.151431
14.000000	 19.000000	 0.000500	 0.040000	 0.000700	 -0.000800	 -0.001500	 5.187351
14.000000	 19.000000	 0.000500	 0.040000	 0.000700	 -0.000800	 -0.001000	 5.299403
14.000000	 19.000000	 0.000500	 0.040000	 0.000700	 -0.000800	 -0.000500	 5.492562
14.000000	 19.000000	 0.000500	 0.040000	 0.000700	 -0.000600	 -0.003000	 5.249503
14.000000	 19.000000	 0.000500	 0.040000	 0.000700	 -0.000600	 -0.002500	 5.160693
14.000000	 19.000000	 0.000500	 0.040000	 0.000700	 -0.000600	 -0.002000	 5.128609
14.000000	 19.000000	 0.000500	 0.040000	 0.000700	 -0.000600	 -0.001500	 5.164687
14.000000	 19.000000	 0.000500	 0.040000	 0.000700	 -0.000600	 -0.001000	 5.277221
14.000000	 19.000000	 0.000500	 0.040000	 0.000700	 -0.000600	 -0.000500	 5.471163
14.000000	 19.000000	 0.001000	 0.020000	 0.000100	 -0.001000	 -0.003000	 5.217728
14.000000	 19.000000	 0.001000	 0.020000	 0.000100	 -0.001000	 -0.002500	 5.236381
14.000000	 19.000000	 0.001000	 0.020000	 0.000100	 -0.001000	 -0.002000	 5.353299
14.000000	 19.000000	 0.001000	 0.020000	 0.000100	 -0.001000	 -0.001500	 5.578237
14.000000	 19.000000	 0.001000	 0.020000	 0.000100	 -0.001000	 -0.001000	 5.912667
14.000000	 19.000000	 0.001000	 0.020000	 0.000100	 -0.001000	 -0.000500	 6.352046
14.000000	 19.000000	 0.001000	 0.020000	 0.000100	 -0.000800	 -0.003000	 5.237040
14.000000	 19.000000	 0.001000	 0.020000	 0.000100	 -0.000800	 -0.002500	 5.255624
14.000000	 19.000000	 0.001000	 0.020000	 0.000100	 -0.000800	 -0.002000	 5.372123
14.000000	 19.000000	 0.001000	 0.020000	 0.000100	 -0.000800	 -0.001500	 5.596305
14.000000	 19.000000	 0.001000	 0.020000	 0.000100	 -0.000800	 -0.001000	 5.929716
14.000000	 19.000000	 0.001000	 0.020000	 0.000100	 -0.000800	 -0.000500	 6.367919
14.000000	 19.000000	 0.001000	 0.020000	 0.000100	 -0.000600	 -0.003000	 5.279716
14.000000	 19.000000	 0.001000	 0.020000	 0.000100	 -0.000600	 -0.002500	 5.298150
14.000000	 19.000000	 0.001000	 0.020000	 0.000100	 -0.000600	 -0.002000	 5.413735
14.000000	 19.000000	 0.001000	 0.020000	 0.000100	 -0.000600	 -0.001500	 5.636261
14.000000	 19.000000	 0.001000	 0.020000	 0.000100	 -0.000600	 -0.001000	 5.967440
14.000000	 19.000000	 0.001000	 0.020000	 0.000100	 -0.000600	 -0.000500	 6.403062
14.000000	 19.000000	 0.001000	 0.020000	 0.000300	 -0.001000	 -0.003000	 5.210508
14.000000	 19.000000	 0.001000	 0.020000	 0.000300	 -0.001000	 -0.002500	 5.229187
14.000000	 19.000000	 0.001000	 0.020000	 0.000300	 -0.001000	 -0.002000	 5.346262
14.000000	 19.000000	 0.001000	 0.020000	 0.000300	 -0.001000	 -0.001500	 5.571484
14.000000	 19.000000	 0.001000	 0.020000	 0.000300	 -0.001000	 -0.001000	 5.906296
14.000000	 19.000000	 0.001000	 0.020000	 0.000300	 -0.001000	 -0.000500	 6.346117
14.000000	 19.000000	 0.001000	 0.020000	 0.000300	 -0.000800	 -0.003000	 5.229846
14.000000	 19.000000	 0.001000	 0.020000	 0.000300	 -0.000800	 -0.002500	 5.248456
14.000000	 19.000000	 0.001000	 0.020000	 0.000300	 -0.000800	 -0.002000	 5.365111
14.000000	 19.000000	 0.001000	 0.020000	 0.000300	 -0.000800	 -0.001500	 5.589574
14.000000	 19.000000	 0.001000	 0.020000	 0.000300	 -0.000800	 -0.001000	 5.923363
14.000000	 19.000000	 0.001000	 0.020000	 0.000300	 -0.000800	 -0.000500	 6.362004
14.000000	 19.000000	 0.001000	 0.020000	 0.000300	 -0.000600	 -0.003000	 5.272580
14.000000	 19.000000	 0.001000	 0.020000	 0.000300	 -0.000600	 -0.002500	 5.291040
14.000000	 19.000000	 0.001000	 0.020000	 0.000300	 -0.000600	 -0.002000	 5.406776
14.000000	 19.000000	 0.001000	 0.020000	 0.000300	 -0.000600	 -0.001500	 5.629578
14.000000	 19.000000	 0.001000	 0.020000	 0.000300	 -0.000600	 -0.001000	 5.961128
14.000000	 19.000000	 0.001000	 0.020000	 0.000300	 -0.000600	 -0.000500	 6.397180
14.000000	 19.000000	 0.001000	 0.020000	 0.000500	 -0.001000	 -0.003000	 5.211684
14.000000	 19.000000	 0.001000	 0.020000	 0.000500	 -0.001000	 -0.002500	 5.230358
14.000000	 19.000000	 0.001000	 0.020000	 0.000500	 -0.001000	 -0.002000	 5.347408
14.000000	 19.000000	 0.001000	 0.020000	 0.000500	 -0.001000	 -0.001500	 5.572584
14.000000	 19.000000	 0.001000	 0.020000	 0.000500	 -0.001000	 -0.001000	 5.907334
14.000000	 19.000000	 0.001000	 0.020000	 0.000500	 -0.001000	 -0.000500	 6.347082
14.000000	 19.000000	 0.001000	 0.020000	 0.000500	 -0.000800	 -0.003000	 5.231017
14.000000	 19.000000	 0.001000	 0.020000	 0.000500	 -0.000800	 -0.002500	 5.249623
14.000000	 19.000000	 0.001000	 0.020000	 0.000500	 -0.000800	 -0.002000	 5.366253
14.000000	 19.000000	 0.001000	 0.020000	 0.000500	 -0.000800	 -0.001500	 5.590670
14.000000	 19.000000	 0.001000	 0.020000	 0.000500	 -0.000800	 -0.001000	 5.924398
14.000000	 19.000000	 0.001000	 0.020000	 0.000500	 -0.000800	 -0.000500	 6.362967
14.000000	 19.000000	 0.001000	 0.020000	 0.000500	 -0.000600	 -0.003000	 5.273742
14.000000	 19.000000	 0.001000	 0.020000	 0.000500	 -0.000600	 -0.002500	 5.292198
14.000000	 19.000000	 0.001000	 0.020000	 0.000500	 -0.000600	 -0.002000	 5.407909
14.000000	 19.000000	 0.001000	 0.020000	 0.000500	 -0.000600	 -0.001500	 5.630666
14.000000	 19.000000	 0.001000	 0.020000	 0.000500	 -0.000600	 -0.001000	 5.962156
14.000000	 19.000000	 0.001000	 0.020000	 0.000500	 -0.000600	 -0.000500	 6.398137
14.000000	 19.000000	 0.001000	 0.020000	 0.000700	 -0.001000	 -0.003000	 5.221330
14.000000	 19.000000	 0.001000	 0.020000	 0.000700	 -0.001000	 -0.002500	 5.239971
14.000000	 19.000000	 0.001000	 0.020000	 0.000700	 -0.001000	 -0.002000	 5.356810
14.000000	 19.000000	 0.001000	 0.020000	 0.000700	 -0.001000	 -0.001500	 5.581607
14.000000	 19.000000	 0.001000	 0.020000	 0.000700	 -0.001000	 -0.001000	 5.915846
14.000000	 19.000000	 0.001000	 0.020000	 0.000700	 -0.001000	 -0.000500	 6.355006
14.000000	 19.000000	 0.001000	 0.020000	 0.000700	 -0.000800	 -0.003000	 5.240628
14.000000	 19.000000	 0.001000	 0.020000	 0.000700	 -0.000800	 -0.002500	 5.259200
14.000000	 19.000000	 0.001000	 0.020000	 0.000700	 -0.000800	 -0.002000	 5.375622
14.000000	 19.000000	 0.001000	 0.020000	 0.000700	 -0.000800	 -0.001500	 5.599663
14.000000	 19.000000	 0.001000	 0.020000	 0.000700	 -0.000800	 -0.001000	 5.932885
14.000000	 19.000000	 0.001000	 0.020000	 0.000700	 -0.000800	 -0.000500	 6.370870
14.000000	 19.000000	 0.001000	 0.020000	 0.000700	 -0.000600	 -0.003000	 5.283275
14.000000	 19.000000	 0.001000	 0.020000	 0.000700	 -0.000600	 -0.002500	 5.301698
14.000000	 19.000000	 0.001000	 0.020000	 0.000700	 -0.000600	 -0.002000	 5.417206
14.000000	 19.000000	 0.001000	 0.020000	 0.000700	 -0.000600	 -0.001500	 5.639596
14.000000	 19.000000	 0.001000	 0.020000	 0.000700	 -0.000600	 -0.001000	 5.970590
14.000000	 19.000000	 0.001000	 0.020000	 0.000700	 -0.000600	 -0.000500	 6.405997
14.000000	 19.000000	 0.001000	 0.030000	 0.000100	 -0.001000	 -0.003000	 4.583687
14.000000	 19.000000	 0.001000	 0.030000	 0.000100	 -0.001000	 -0.002500	 4.538621
14.000000	 19.000000	 0.001000	 0.030000	 0.000100	 -0.001000	 -0.002000	 4.580866
14.000000	 19.000000	 0.001000	 0.030000	 0.000100	 -0.001000	 -0.001500	 4.721736
14.000000	 19.000000	 0.001000	 0.030000	 0.000100	 -0.001000	 -0.001000	 4.964642
14.000000	 19.000000	 0.001000	 0.030000	 0.000100	 -0.001000	 -0.000500	 5.306440
14.000000	 19.000000	 0.001000	 0.030000	 0.000100	 -0.000800	 -0.003000	 4.566272
14.000000	 19.000000	 0.001000	 0.030000	 0.000100	 -0.000800	 -0.002500	 4.521032
14.000000	 19.000000	 0.001000	 0.030000	 0.000100	 -0.000800	 -0.002000	 4.563440
14.000000	 19.000000	 0.001000	 0.030000	 0.000100	 -0.000800	 -0.001500	 4.704832
14.000000	 19.000000	 0.001000	 0.030000	 0.000100	 -0.000800	 -0.001000	 4.948568
14.000000	 19.000000	 0.001000	 0.030000	 0.000100	 -0.000800	 -0.000500	 5.291404
14.000000	 19.000000	 0.001000	 0.030000	 0.000100	 -0.000600	 -0.003000	 4.570061
14.000000	 19.000000	 0.001000	 0.030000	 0.000100	 -0.000600	 -0.002500	 4.524859
14.000000	 19.000000	 0.001000	 0.030000	 0.000100	 -0.000600	 -0.002000	 4.567232
14.000000	 19.000000	 0.001000	 0.030000	 0.000100	 -0.000600	 -0.001500	 4.708510
14.000000	 19.000000	 0.001000	 0.030000	 0.000100	 -0.000600	 -0.001000	 4.952064
14.000000	 19.000000	 0.001000	 0.030000	 0.000100	 -0.000600	 -0.000500	 5.294674
14.000000	 19.000000	 0.001000	 0.030000	 0.000300	 -0.001000	 -0.003000	 4.550534
14.000000	 19.000000	 0.001000	 0.030000	 0.000300	 -0.001000	 -0.002500	 4.505136
14.000000	 19.000000	 0.001000	 0.030000	 0.000300	 -0.001000	 -0.002000	 4.547692
14.000000	 19.000000	 0.001000	 0.030000	 0.000300	 -0.001000	 -0.001500	 4.689559
14.000000	 19.000000	 0.001000	 0.030000	 0.000300	 -0.001000	 -0.001000	 4.934049
14.000000	 19.000000	 0.001000	 0.030000	 0.000300	 -0.001000	 -0.000500	 5.277829
14.000000	 19.000000	 0.001000	 0.030000	 0.000300	 -0.000800	 -0.003000	 4.532992
14.000000	 19.000000	 0.001000	 0.030000	 0.000300	 -0.000800	 -0.002500	 4.487416
14.000000	 19.000000	 0.001000	 0.030000	 0.000300	 -0.000800	 -0.002000	 4.530139
14.000000	 19.000000	 0.001000	 0.030000	 0.000300	 -0.000800	 -0.001500	 4.672539
14.000000	 19.000000	 0.001000	 0.030000	 0.000300	 -0.000800	 -0.001000	 4.917875
14.000000	 19.000000	 0.001000	 0.030000	 0.000300	 -0.000800	 -0.000500	 5.262711
14.000000	 19.000000	 0.001000	 0.030000	 0.000300	 -0.000600	 -0.003000	 4.536809
14.000000	 19.000000	 0.001000	 0.030000	 0.000300	 -0.000600	 -0.002500	 4.491272
14.000000	 19.000000	 0.001000	 0.030000	 0.000300	 -0.000600	 -0.002000	 4.533958
14.000000	 19.000000	 0.001000	 0.030000	 0.000300	 -0.000600	 -0.001500	 4.676242
14.000000	 19.000000	 0.001000	 0.030000	 0.000300	 -0.000600	 -0.001000	 4.921393
14.000000	 19.000000	 0.001000	 0.030000	 0.000300	 -0.000600	 -0.000500	 5.265999
14.000000	 19.000000	 0.001000	 0.030000	 0.000500	 -0.001000	 -0.003000	 4.530101
14.000000	 19.000000	 0.001000	 0.030000	 0.000500	 -0.001000	 -0.002500	 4.484496
14.000000	 19.000000	 0.001000	 0.030000	 0.000500	 -0.001000	 -0.002000	 4.527247
14.000000	 19.000000	 0.001000	 0.030000	 0.000500	 -0.001000	 -0.001500	 4.669734
14.000000	 19.000000	 0.001000	 0.030000	 0.000500	 -0.001000	 -0.001000	 4.915211
14.000000	 19.000000	 0.001000	 0.030000	 0.000500	 -0.001000	 -0.000500	 5.260222
14.000000	 19.000000	 0.001000	 0.030000	 0.000500	 -0.000800	 -0.003000	 4.512479
14.000000	 19.000000	 0.001000	 0.030000	 0.000500	 -0.000800	 -0.002500	 4.466695
14.000000	 19.000000	 0.001000	 0.030000	 0.000500	 -0.000800	 -0.002000	 4.509614
14.000000	 19.000000	 0.001000	 0.030000	 0.000500	 -0.000800	 -0.001500	 4.652642
14.000000	 19.000000	 0.001000	 0.030000	 0.000500	 -0.000800	 -0.001000	 4.898975
14.000000	 19.000000	 0.001000	 0.030000	 0.000500	 -0.000800	 -0.000500	 5.245053
14.000000	 19.000000	 0.001000	 0.030000	 0.000500	 -0.000600	 -0.003000	 4.516314
14.000000	 19.000000	 0.001000	 0.030000	 0.000500	 -0.000600	 -0.002500	 4.470568
14.000000	 19.000000	 0.001000	 0.030000	 0.000500	 -0.000600	 -0.002000	 4.513450
14.000000	 19.000000	 0.001000	 0.030000	 0.000500	 -0.000600	 -0.001500	 4.656360
14.000000	 19.000000	 0.001000	 0.030000	 0.000500	 -0.000600	 -0.001000	 4.902506
14.000000	 19.000000	 0.001000	 0.030000	 0.000500	 -0.000600	 -0.000500	 5.248352
14.000000	 19.000000	 0.001000	 0.030000	 0.000700	 -0.001000	 -0.003000	 4.521477
14.000000	 19.000000	 0.001000	 0.030000	 0.000700	 -0.001000	 -0.002500	 4.475785
14.000000	 19.000000	 0.001000	 0.030000	 0.000700	 -0.001000	 -0.002000	 4.518617
14.000000	 19.000000	 0.001000	 0.030000	 0.000700	 -0.001000	 -0.001500	 4.661369
14.000000	 19.000000	 0.001000	 0.030000	 0.000700	 -0.001000	 -0.001000	 4.907264
14.000000	 19.000000	 0.001000	 0.030000	 0.000700	 -0.001000	 -0.000500	 5.252797
14.000000	 19.000000	 0.001000	 0.030000	 0.000700	 -0.000800	 -0.003000	 4.503822
14.000000	 19.000000	 0.001000	 0.030000	 0.000700	 -0.000800	 -0.002500	 4.457948
14.000000	 19.000000	 0.001000	 0.030000	 0.000700	 -0.000800	 -0.002000	 4.500951
14.000000	 19.000000	 0.001000	 0.030000	 0.000700	 -0.000800	 -0.001500	 4.644245
14.000000	 19.000000	 0.001000	 0.030000	 0.000700	 -0.000800	 -0.001000	 4.891001
14.000000	 19.000000	 0.001000	 0.030000	 0.000700	 -0.000800	 -0.000500	 5.237607
14.000000	 19.000000	 0.001000	 0.030000	 0.000700	 -0.000600	 -0.003000	 4.507663
14.000000	 19.000000	 0.001000	 0.030000	 0.000700	 -0.000600	 -0.002500	 4.461829
14.000000	 19.000000	 0.001000	 0.030000	 0.000700	 -0.000600	 -0.002000	 4.504794
14.000000	 19.000000	 0.001000	 0.030000	 0.000700	 -0.000600	 -0.001500	 4.647971
14.000000	 19.000000	 0.001000	 0.030000	 0.000700	 -0.000600	 -0.001000	 4.894539
14.000000	 19.000000	 0.001000	 0.030000	 0.000700	 -0.000600	 -0.000500	 5.240910
14.000000	 19.000000	 0.001000	 0.040000	 0.000100	 -0.001000	 -0.003000	 5.412468
14.000000	 19.000000	 0.001000	 0.040000	 0.000100	 -0.001000	 -0.002500	 5.326486
14.000000	 19.000000	 0.001000	 0.040000	 0.000100	 -0.001000	 -0.002000	 5.295455
14.000000	 19.000000	 0.001000	 0.040000	 0.000100	 -0.001000	 -0.001500	 5.330375
14.000000	 19.000000	 0.001000	 0.040000	 0.000100	 -0.001000	 -0.001000	 5.439361
14.000000	 19.000000	 0.001000	 0.040000	 0.000100	 -0.001000	 -0.000500	 5.627457
14.000000	 19.000000	 0.001000	 0.040000	 0.000100	 -0.000800	 -0.003000	 5.375936
14.000000	 19.000000	 0.001000	 0.040000	 0.000100	 -0.000800	 -0.002500	 5.289361
14.000000	 19.000000	 0.001000	 0.040000	 0.000100	 -0.000800	 -0.002000	 5.258110
14.000000	 19.000000	 0.001000	 0.040000	 0.000100	 -0.000800	 -0.001500	 5.293277
14.000000	 19.000000	 0.001000	 0.040000	 0.000100	 -0.000800	 -0.001000	 5.403011
14.000000	 19.000000	 0.001000	 0.040000	 0.000100	 -0.000800	 -0.000500	 5.592329
14.000000	 19.000000	 0.001000	 0.040000	 0.000100	 -0.000600	 -0.003000	 5.354021
14.000000	 19.000000	 0.001000	 0.040000	 0.000100	 -0.000600	 -0.002500	 5.267086
14.000000	 19.000000	 0.001000	 0.040000	 0.000100	 -0.000600	 -0.002000	 5.235702
14.000000	 19.000000	 0.001000	 0.040000	 0.000100	 -0.000600	 -0.001500	 5.271018
14.000000	 19.000000	 0.001000	 0.040000	 0.000100	 -0.000600	 -0.001000	 5.381207
14.000000	 19.000000	 0.001000	 0.040000	 0.000100	 -0.000600	 -0.000500	 5.571266
14.000000	 19.000000	 0.001000	 0.040000	 0.000300	 -0.001000	 -0.003000	 5.363759
14.000000	 19.000000	 0.001000	 0.040000	 0.000300	 -0.001000	 -0.002500	 5.276984
14.000000	 19.000000	 0.001000	 0.040000	 0.000300	 -0.001000	 -0.002000	 5.245660
14.000000	 19.000000	 0.001000	 0.040000	 0.000300	 -0.001000	 -0.001500	 5.280909
14.000000	 19.000000	 0.001000	 0.040000	 0.000300	 -0.001000	 -0.001000	 5.390896
14.000000	 19.000000	 0.001000	 0.040000	 0.000300	 -0.001000	 -0.000500	 5.580625
14.000000	 19.000000	 0.001000	 0.040000	 0.000300	 -0.000800	 -0.003000	 5.326894
14.000000	 19.000000	 0.001000	 0.040000	 0.000300	 -0.000800	 -0.002500	 5.239508
14.000000	 19.000000	 0.001000	 0.040000	 0.000300	 -0.000800	 -0.002000	 5.207958
14.000000	 19.000000	 0.001000	 0.040000	 0.000300	 -0.000800	 -0.001500	 5.243461
14.000000	 19.000000	 0.001000	 0.040000	 0.000300	 -0.000800	 -0.001000	 5.354217
14.000000	 19.000000	 0.001000	 0.040000	 0.000300	 -0.000800	 -0.000500	 5.545201
14.000000	 19.000000	 0.001000	 0.040000	 0.000300	 -0.000600	 -0.003000	 5.304776
14.000000	 19.000000	 0.001000	 0.040000	 0.000300	 -0.000600	 -0.002500	 5.217020
14.000000	 19.000000	 0.001000	 0.040000	 0.000300	 -0.000600	 -0.002000	 5.185333
14.000000	 19.000000	 0.001000	 0.040000	 0.000300	 -0.000600	 -0.001500	 5.220990
14.000000	 19.000000	 0.001000	 0.040000	 0.000300	 -0.000600	 -0.001000	 5.332212
14.000000	 19.000000	 0.001000	 0.040000	 0.000300	 -0.000600	 -0.000500	 5.523957
14.000000	 19.000000	 0.001000	 0.040000	 0.000500	 -0.001000	 -0.003000	 5.329054
14.000000	 19.000000	 0.001000	 0.040000	 0.000500	 -0.001000	 -0.002500	 5.241704
14.000000	 19.000000	 0.001000	 0.040000	 0.000500	 -0.001000	 -0.002000	 5.210168
14.000000	 19.000000	 0.001000	 0.040000	 0.000500	 -0.001000	 -0.001500	 5.245655
14.000000	 19.000000	 0.001000	 0.040000	 0.000500	 -0.001000	 -0.001000	 5.356366
14.000000	 19.000000	 0.001000	 0.040000	 0.000500	 -0.001000	 -0.000500	 5.547276
14.000000	 19.000000	 0.001000	 0.040000	 0.000500	 -0.000800	 -0.003000	 5.291946
14.000000	 19.000000	 0.001000	 0.040000	 0.000500	 -0.000800	 -0.002500	 5.203974
14.000000	 19.000000	 0.001000	 0.040000	 0.000500	 -0.000800	 -0.002000	 5.172207
14.000000	 19.000000	 0.001000	 0.040000	 0.000500	 -0.000800	 -0.001500	 5.207954
14.000000	 19.000000	 0.001000	 0.040000	 0.000500	 -0.000800	 -0.001000	 5.319449
14.000000	 19.000000	 0.001000	 0.040000	 0.000500	 -0.000800	 -0.000500	 5.511638
14.000000	 19.000000	 0.001000	 0.040000	 0.000500	 -0.000600	 -0.003000	 5.269682
14.000000	 19.000000	 0.001000	 0.040000	 0.000500	 -0.000600	 -0.002500	 5.181331
14.000000	 19.000000	 0.001000	 0.040000	 0.000500	 -0.000600	 -0.002000	 5.149425
14.000000	 19.000000	 0.001000	 0.040000	 0.000500	 -0.000600	 -0.001500	 5.185329
14.000000	 19.000000	 0.001000	 0.040000	 0.000500	 -0.000600	 -0.001000	 5.297300
14.000000	 19.000000	 0.001000	 0.040000	 0.000500	 -0.000600	 -0.000500	 5.490265
14.000000	 19.000000	 0.001000	 0.040000	 0.000700	 -0.001000	 -0.003000	 5.305920
14.000000	 19.000000	 0.001000	 0.040000	 0.000700	 -0.001000	 -0.002500	 5.218183
14.000000	 19.000000	 0.001000	 0.040000	 0.000700	 -0.001000	 -0.002000	 5.186504
14.000000	 19.000000	 0.001000	 0.040000	 0.000700	 -0.001000	 -0.001500	 5.222152
14.000000	 19.000000	 0.001000	 0.040000	 0.000700	 -0.001000	 -0.001000	 5.333351
14.000000	 19.000000	 0.001000	 0.040000	 0.000700	 -0.001000	 -0.000500	 5.525056
14.000000	 19.000000	 0.001000	 0.040000	 0.000700	 -0.000800	 -0.003000	 5.268649
14.000000	 19.000000	 0.001000	 0.040000	 0.000700	 -0.000800	 -0.002500	 5.180281
14.000000	 19.000000	 0.001000	 0.040000	 0.000700	 -0.000800	 -0.002000	 5.148369
14.000000	 19.000000	 0.001000	 0.040000	 0.000700	 -0.000800	 -0.001500	 5.184280
14.000000	 19.000000	 0.001000	 0.040000	 0.000700	 -0.000800	 -0.001000	 5.296273
14.000000	 19.000000	 0.001000	 0.040000	 0.000700	 -0.000800	 -0.000500	 5.489274
14.000000	 19.000000	 0.001000	 0.040000	 0.000700	 -0.000600	 -0.003000	 5.246286
14.000000	 19.000000	 0.001000	 0.040000	 0.000700	 -0.000600	 -0.002500	 5.157535
14.000000	 19.000000	 0.001000	 0.040000	 0.000700	 -0.000600	 -0.002000	 5.125481
14.000000	 19.000000	 0.001000	 0.040000	 0.000700	 -0.000600	 -0.001500	 5.161551
14.000000	 19.000000	 0.001000	 0.040000	 0.000700	 -0.000600	 -0.001000	 5.274027
14.000000	 19.000000	 0.001000	 0.040000	 0.000700	 -0.000600	 -0.000500	 5.467813
14.000000	 19.000000	 0.001500	 0.020000	 0.000100	 -0.001000	 -0.003000	 5.218597
14.000000	 19.000000	 0.001500	 0.020000	 0.000100	 -0.001000	 -0.002500	 5.236831
14.000000	 19.000000	 0.001500	 0.020000	 0.000100	 -0.001000	 -0.002000	 5.353256
14.000000	 19.000000	 0.001500	 0.020000	 0.000100	 -0.001000	 -0.001500	 5.577640
14.000000	 19.000000	 0.001500	 0.020000	 0.000100	 -0.001000	 -0.001000	 5.911484
14.000000	 19.000000	 0.001500	 0.020000	 0.000100	 -0.001000	 -0.000500	 6.350240
14.000000	 19.000000	 0.001500	 0.020000	 0.000100	 -0.000800	 -0.003000	 5.237719
14.000000	 19.000000	 0.001500	 0.020000	 0.000100	 -0.000800	 -0.002500	 5.255888
14.000000	 19.000000	 0.001500	 0.020000	 0.000100	 -0.000800	 -0.002000	 5.371900
14.000000	 19.000000	 0.001500	 0.020000	 0.000100	 -0.000800	 -0.001500	 5.595536
14.000000	 19.000000	 0.001500	 0.020000	 0.000100	 -0.000800	 -0.001000	 5.928372
14.000000	 19.000000	 0.001500	 0.020000	 0.000100	 -0.000800	 -0.000500	 6.365964
14.000000	 19.000000	 0.001500	 0.020000	 0.000100	 -0.000600	 -0.003000	 5.280167
14.000000	 19.000000	 0.001500	 0.020000	 0.000100	 -0.000600	 -0.002500	 5.298190
14.000000	 19.000000	 0.001500	 0.020000	 0.000100	 -0.000600	 -0.002000	 5.413296
14.000000	 19.000000	 0.001500	 0.020000	 0.000100	 -0.000600	 -0.001500	 5.635289
14.000000	 19.000000	 0.001500	 0.020000	 0.000100	 -0.000600	 -0.001000	 5.965908
14.000000	 19.000000	 0.001500	 0.020000	 0.000100	 -0.000600	 -0.000500	 6.400935
14.000000	 19.000000	 0.001500	 0.020000	 0.000300	 -0.001000	 -0.003000	 5.211362
14.000000	 19.000000	 0.001500	 0.020000	 0.000300	 -0.001000	 -0.002500	 5.229622
14.000000	 19.000000	 0.001500	 0.020000	 0.000300	 -0.001000	 -0.002000	 5.346204
14.000000	 19.000000	 0.001500	 0.020000	 0.000300	 -0.001000	 -0.001500	 5.570871
14.000000	 19.000000	 0.001500	 0.020000	 0.000300	 -0.001000	 -0.001000	 5.905098
14.000000	 19.000000	 0.001500	 0.020000	 0.000300	 -0.001000	 -0.000500	 6.344296
14.000000	 19.000000	 0.001500	 0.020000	 0.000300	 -0.000800	 -0.003000	 5.230511
14.000000	 19.000000	 0.001500	 0.020000	 0.000300	 -0.000800	 -0.002500	 5.248704
14.000000	 19.000000	 0.001500	 0.020000	 0.000300	 -0.000800	 -0.002000	 5.364871
14.000000	 19.000000	 0.001500	 0.020000	 0.000300	 -0.000800	 -0.001500	 5.588789
14.000000	 19.000000	 0.001500	 0.020000	 0.000300	 -0.000800	 -0.001000	 5.922004
14.000000	 19.000000	 0.001500	 0.020000	 0.000300	 -0.000800	 -0.000500	 6.360035
14.000000	 19.000000	 0.001500	 0.020000	 0.000300	 -0.000600	 -0.003000	 5.273017
14.000000	 19.000000	 0.001500	 0.020000	 0.000300	 -0.000600	 -0.002500	 5.291064
14.000000	 19.000000	 0.001500	 0.020000	 0.000300	 -0.000600	 -0.002000	 5.406321
14.000000	 19.000000	 0.001500	 0.020000	 0.000300	 -0.000600	 -0.001500	 5.628590
14.000000	 19.000000	 0.001500	 0.020000	 0.000300	 -0.000600	 -0.001000	 5.959580
14.000000	 19.000000	 0.001500	 0.020000	 0.000300	 -0.000600	 -0.000500	 6.395038
14.000000	 19.000000	 0.001500	 0.020000	 0.000500	 -0.001000	 -0.003000	 5.212377
14.000000	 19.000000	 0.001500	 0.020000	 0.000500	 -0.001000	 -0.002500	 5.230633
14.000000	 19.000000	 0.001500	 0.020000	 0.000500	 -0.001000	 -0.002000	 5.347193
14.000000	 19.000000	 0.001500	 0.020000	 0.000500	 -0.001000	 -0.001500	 5.571821
14.000000	 19.000000	 0.001500	 0.020000	 0.000500	 -0.001000	 -0.001000	 5.905994
14.000000	 19.000000	 0.001500	 0.020000	 0.000500	 -0.001000	 -0.000500	 6.345129
14.000000	 19.000000	 0.001500	 0.020000	 0.000500	 -0.000800	 -0.003000	 5.231522
14.000000	 19.000000	 0.001500	 0.020000	 0.000500	 -0.000800	 -0.002500	 5.249712
14.000000	 19.000000	 0.001500	 0.020000	 0.000500	 -0.000800	 -0.002000	 5.365857
14.000000	 19.000000	 0.001500	 0.020000	 0.000500	 -0.000800	 -0.001500	 5.589735
14.000000	 19.000000	 0.001500	 0.020000	 0.000500	 -0.000800	 -0.001000	 5.922897
14.000000	 19.000000	 0.001500	 0.020000	 0.000500	 -0.000800	 -0.000500	 6.360866
14.000000	 19.000000	 0.001500	 0.020000	 0.000500	 -0.000600	 -0.003000	 5.274020
14.000000	 19.000000	 0.001500	 0.020000	 0.000500	 -0.000600	 -0.002500	 5.292064
14.000000	 19.000000	 0.001500	 0.020000	 0.000500	 -0.000600	 -0.002000	 5.407299
14.000000	 19.000000	 0.001500	 0.020000	 0.000500	 -0.000600	 -0.001500	 5.629530
14.000000	 19.000000	 0.001500	 0.020000	 0.000500	 -0.000600	 -0.001000	 5.960468
14.000000	 19.000000	 0.001500	 0.020000	 0.000500	 -0.000600	 -0.000500	 6.395865
14.000000	 19.000000	 0.001500	 0.020000	 0.000700	 -0.001000	 -0.003000	 5.221853
14.000000	 19.000000	 0.001500	 0.020000	 0.000700	 -0.001000	 -0.002500	 5.240076
14.000000	 19.000000	 0.001500	 0.020000	 0.000700	 -0.001000	 -0.002000	 5.356431
14.000000	 19.000000	 0.001500	 0.020000	 0.000700	 -0.001000	 -0.001500	 5.580687
14.000000	 19.000000	 0.001500	 0.020000	 0.000700	 -0.001000	 -0.001000	 5.914359
14.000000	 19.000000	 0.001500	 0.020000	 0.000700	 -0.001000	 -0.000500	 6.352917
14.000000	 19.000000	 0.001500	 0.020000	 0.000700	 -0.000800	 -0.003000	 5.240964
14.000000	 19.000000	 0.001500	 0.020000	 0.000700	 -0.000800	 -0.002500	 5.259121
14.000000	 19.000000	 0.001500	 0.020000	 0.000700	 -0.000800	 -0.002000	 5.375063
14.000000	 19.000000	 0.001500	 0.020000	 0.000700	 -0.000800	 -0.001500	 5.598573
14.000000	 19.000000	 0.001500	 0.020000	 0.000700	 -0.000800	 -0.001000	 5.931239
14.000000	 19.000000	 0.001500	 0.020000	 0.000700	 -0.000800	 -0.000500	 6.368634
14.000000	 19.000000	 0.001500	 0.020000	 0.000700	 -0.000600	 -0.003000	 5.283386
14.000000	 19.000000	 0.001500	 0.020000	 0.000700	 -0.000600	 -0.002500	 5.301398
14.000000	 19.000000	 0.001500	 0.020000	 0.000700	 -0.000600	 -0.002000	 5.416435
14.000000	 19.000000	 0.001500	 0.020000	 0.000700	 -0.000600	 -0.001500	 5.638305
14.000000	 19.000000	 0.001500	 0.020000	 0.000700	 -0.000600	 -0.001000	 5.968757
14.000000	 19.000000	 0.001500	 0.020000	 0.000700	 -0.000600	 -0.000500	 6.403590
14.000000	 19.000000	 0.001500	 0.030000	 0.000100	 -0.001000	 -0.003000	 4.584358
14.000000	 19.000000	 0.001500	 0.030000	 0.000100	 -0.001000	 -0.002500	 4.539126
14.000000	 19.000000	 0.001500	 0.030000	 0.000100	 -0.001000	 -0.002000	 4.581150
14.000000	 19.000000	 0.001500	 0.030000	 0.000100	 -0.001000	 -0.001500	 4.721735
14.000000	 19.000000	 0.001500	 0.030000	 0.000100	 -0.001000	 -0.001000	 4.964305
14.000000	 19.000000	 0.001500	 0.030000	 0.000100	 -0.001000	 -0.000500	 5.305737
14.000000	 19.000000	 0.001500	 0.030000	 0.000100	 -0.000800	 -0.003000	 4.566867
14.000000	 19.000000	 0.001500	 0.030000	 0.000100	 -0.000800	 -0.002500	 4.521461
14.000000	 19.000000	 0.001500	 0.030000	 0.000100	 -0.000800	 -0.002000	 4.563647
14.000000	 19.000000	 0.001500	 0.030000	 0.000100	 -0.000800	 -0.001500	 4.704755
14.000000	 19.000000	 0.001500	 0.030000	 0.000100	 -0.000800	 -0.001000	 4.948158
14.000000	 19.000000	 0.001500	 0.030000	 0.000100	 -0.000800	 -0.000500	 5.290632
14.000000	 19.000000	 0.001500	 0.030000	 0.000100	 -0.000600	 -0.003000	 4.570555
14.000000	 19.000000	 0.001500	 0.030000	 0.000100	 -0.000600	 -0.002500	 4.525186
14.000000	 19.000000	 0.001500	 0.030000	 0.000100	 -0.000600	 -0.002000	 4.567338
14.000000	 19.000000	 0.001500	 0.030000	 0.000100	 -0.000600	 -0.001500	 4.708335
14.000000	 19.000000	 0.001500	 0.030000	 0.000100	 -0.000600	 -0.001000	 4.951562
14.000000	 19.000000	 0.001500	 0.030000	 0.000100	 -0.000600	 -0.000500	 5.293815
14.000000	 19.000000	 0.001500	 0.030000	 0.000300	 -0.001000	 -0.003000	 4.551348
14.000000	 19.000000	 0.001500	 0.030000	 0.000300	 -0.001000	 -0.002500	 4.505785
14.000000	 19.000000	 0.001500	 0.030000	 0.000300	 -0.001000	 -0.002000	 4.548117
14.000000	 19.000000	 0.001500	 0.030000	 0.000300	 -0.001000	 -0.001500	 4.689692
14.000000	 19.000000	 0.001500	 0.030000	 0.000300	 -0.001000	 -0.001000	 4.933838
14.000000	 19.000000	 0.001500	 0.030000	 0.000300	 -0.001000	 -0.000500	 5.277241
14.000000	 19.000000	 0.001500	 0.030000	 0.000300	 -0.000800	 -0.003000	 4.533730
14.000000	 19.000000	 0.001500	 0.030000	 0.000300	 -0.000800	 -0.002500	 4.487989
14.000000	 19.000000	 0.001500	 0.030000	 0.000300	 -0.000800	 -0.002000	 4.530487
14.000000	 19.000000	 0.001500	 0.030000	 0.000300	 -0.000800	 -0.001500	 4.672596
14.000000	 19.000000	 0.001500	 0.030000	 0.000300	 -0.000800	 -0.001000	 4.917591
14.000000	 19.000000	 0.001500	 0.030000	 0.000300	 -0.000800	 -0.000500	 5.262054
14.000000	 19.000000	 0.001500	 0.030000	 0.000300	 -0.000600	 -0.003000	 4.537445
14.000000	 19.000000	 0.001500	 0.030000	 0.000300	 -0.000600	 -0.002500	 4.491741
14.000000	 19.000000	 0.001500	 0.030000	 0.000300	 -0.000600	 -0.002000	 4.534204
14.000000	 19.000000	 0.001500	 0.030000	 0.000300	 -0.000600	 -0.001500	 4.676200
14.000000	 19.000000	 0.001500	 0.030000	 0.000300	 -0.000600	 -0.001000	 4.921016
14.000000	 19.000000	 0.001500	 0.030000	 0.000300	 -0.000600	 -0.000500	 5.265255
14.000000	 19.000000	 0.001500	 0.030000	 0.000500	 -0.001000	 -0.003000	 4.530861
14.000000	 19.000000	 0.001500	 0.030000	 0.000500	 -0.001000	 -0.002500	 4.485090
14.000000	 19.000000	 0.001500	 0.030000	 0.000500	 -0.001000	 -0.002000	 4.527615
14.000000	 19.000000	 0.001500	 0.030000	 0.000500	 -0.001000	 -0.001500	 4.669812
14.000000	 19.000000	 0.001500	 0.030000	 0.000500	 -0.001000	 -0.001000	 4.914945
14.000000	 19.000000	 0.001500	 0.030000	 0.000500	 -0.001000	 -0.000500	 5.259582
14.000000	 19.000000	 0.001500	 0.030000	 0.000500	 -0.000800	 -0.003000	 4.513163
14.000000	 19.000000	 0.001500	 0.030000	 0.000500	 -0.000800	 -0.002500	 4.467211
14.000000	 19.000000	 0.001500	 0.030000	 0.000500	 -0.000800	 -0.002000	 4.509904
14.000000	 19.000000	 0.001500	 0.030000	 0.000500	 -0.000800	 -0.001500	 4.652642
14.000000	 19.000000	 0.001500	 0.030000	 0.000500	 -0.000800	 -0.001000	 4.898635
14.000000	 19.000000	 0.001500	 0.030000	 0.000500	 -0.000800	 -0.000500	 5.244344
14.000000	 19.000000	 0.001500	 0.030000	 0.000500	 -0.000600	 -0.003000	 4.516895
14.000000	 19.000000	 0.001500	 0.030000	 0.000500	 -0.000600	 -0.002500	 4.470981
14.000000	 19.000000	 0.001500	 0.030000	 0.000500	 -0.000600	 -0.002000	 4.513639
14.000000	 19.000000	 0.001500	 0.030000	 0.000500	 -0.000600	 -0.001500	 4.656262
14.000000	 19.000000	 0.001500	 0.030000	 0.000500	 -0.000600	 -0.001000	 4.902074
14.000000	 19.000000	 0.001500	 0.030000	 0.000500	 -0.000600	 -0.000500	 5.247556
14.000000	 19.000000	 0.001500	 0.030000	 0.000700	 -0.001000	 -0.003000	 4.522129
14.000000	 19.000000	 0.001500	 0.030000	 0.000700	 -0.001000	 -0.002500	 4.476269
14.000000	 19.000000	 0.001500	 0.030000	 0.000700	 -0.001000	 -0.002000	 4.518877
14.000000	 19.000000	 0.001500	 0.030000	 0.000700	 -0.001000	 -0.001500	 4.661340
14.000000	 19.000000	 0.001500	 0.030000	 0.000700	 -0.001000	 -0.001000	 4.906897
14.000000	 19.000000	 0.001500	 0.030000	 0.000700	 -0.001000	 -0.000500	 5.252062
14.000000	 19.000000	 0.001500	 0.030000	 0.000700	 -0.000800	 -0.003000	 4.504397
14.000000	 19.000000	 0.001500	 0.030000	 0.000700	 -0.000800	 -0.002500	 4.458354
14.000000	 19.000000	 0.001500	 0.030000	 0.000700	 -0.000800	 -0.002000	 4.501132
14.000000	 19.000000	 0.001500	 0.030000	 0.000700	 -0.000800	 -0.001500	 4.644140
14.000000	 19.000000	 0.001500	 0.030000	 0.000700	 -0.000800	 -0.001000	 4.890560
14.000000	 19.000000	 0.001500	 0.030000	 0.000700	 -0.000800	 -0.000500	 5.236802
14.000000	 19.000000	 0.001500	 0.030000	 0.000700	 -0.000600	 -0.003000	 4.508136
14.000000	 19.000000	 0.001500	 0.030000	 0.000700	 -0.000600	 -0.002500	 4.462132
14.000000	 19.000000	 0.001500	 0.030000	 0.000700	 -0.000600	 -0.002000	 4.504874
14.000000	 19.000000	 0.001500	 0.030000	 0.000700	 -0.000600	 -0.001500	 4.647766
14.000000	 19.000000	 0.001500	 0.030000	 0.000700	 -0.000600	 -0.001000	 4.894004
14.000000	 19.000000	 0.001500	 0.030000	 0.000700	 -0.000600	 -0.000500	 5.240019
14.000000	 19.000000	 0.001500	 0.040000	 0.000100	 -0.001000	 -0.003000	 5.409474
14.000000	 19.000000	 0.001500	 0.040000	 0.000100	 -0.001000	 -0.002500	 5.323530
14.000000	 19.000000	 0.001500	 0.040000	 0.000100	 -0.001000	 -0.002000	 5.292515
14.000000	 19.000000	 0.001500	 0.040000	 0.000100	 -0.001000	 -0.001500	 5.327421
14.000000	 19.000000	 0.001500	 0.040000	 0.000100	 -0.001000	 -0.001000	 5.436351
14.000000	 19.000000	 0.001500	 0.040000	 0.000100	 -0.001000	 -0.000500	 5.624313
14.000000	 19.000000	 0.001500	 0.040000	 0.000100	 -0.000800	 -0.003000	 5.372911
14.000000	 19.000000	 0.001500	 0.040000	 0.000100	 -0.000800	 -0.002500	 5.286373
14.000000	 19.000000	 0.001500	 0.040000	 0.000100	 -0.000800	 -0.002000	 5.255139
14.000000	 19.000000	 0.001500	 0.040000	 0.000100	 -0.000800	 -0.001500	 5.290291
14.000000	 19.000000	 0.001500	 0.040000	 0.000100	 -0.000800	 -0.001000	 5.399970
14.000000	 19.000000	 0.001500	 0.040000	 0.000100	 -0.000800	 -0.000500	 5.589156
14.000000	 19.000000	 0.001500	 0.040000	 0.000100	 -0.000600	 -0.003000	 5.350942
14.000000	 19.000000	 0.001500	 0.040000	 0.000100	 -0.000600	 -0.002500	 5.264043
14.000000	 19.000000	 0.001500	 0.040000	 0.000100	 -0.000600	 -0.002000	 5.232675
14.000000	 19.000000	 0.001500	 0.040000	 0.000100	 -0.000600	 -0.001500	 5.267978
14.000000	 19.000000	 0.001500	 0.040000	 0.000100	 -0.000600	 -0.001000	 5.378112
14.000000	 19.000000	 0.001500	 0.040000	 0.000100	 -0.000600	 -0.000500	 5.568040
14.000000	 19.000000	 0.001500	 0.040000	 0.000300	 -0.001000	 -0.003000	 5.361378
14.000000	 19.000000	 0.001500	 0.040000	 0.000300	 -0.001000	 -0.002500	 5.274651
14.000000	 19.000000	 0.001500	 0.040000	 0.000300	 -0.001000	 -0.002000	 5.243347
14.000000	 19.000000	 0.001500	 0.040000	 0.000300	 -0.001000	 -0.001500	 5.278578
14.000000	 19.000000	 0.001500	 0.040000	 0.000300	 -0.001000	 -0.001000	 5.388495
14.000000	 19.000000	 0.001500	 0.040000	 0.000300	 -0.001000	 -0.000500	 5.578070
14.000000	 19.000000	 0.001500	 0.040000	 0.000300	 -0.000800	 -0.003000	 5.324485
14.000000	 19.000000	 0.001500	 0.040000	 0.000300	 -0.000800	 -0.002500	 5.237147
14.000000	 19.000000	 0.001500	 0.040000	 0.000300	 -0.000800	 -0.002000	 5.205618
14.000000	 19.000000	 0.001500	 0.040000	 0.000300	 -0.000800	 -0.001500	 5.241102
14.000000	 19.000000	 0.001500	 0.040000	 0.000300	 -0.000800	 -0.001000	 5.351789
14.000000	 19.000000	 0.001500	 0.040000	 0.000300	 -0.000800	 -0.000500	 5.542620
14.000000	 19.000000	 0.001500	 0.040000	 0.000300	 -0.000600	 -0.003000	 5.302316
14.000000	 19.000000	 0.001500	 0.040000	 0.000300	 -0.000600	 -0.002500	 5.214606
14.000000	 19.000000	 0.001500	 0.040000	 0.000300	 -0.000600	 -0.002000	 5.182940
14.000000	 19.000000	 0.001500	 0.040000	 0.000300	 -0.000600	 -0.001500	 5.218578
14.000000	 19.000000	 0.001500	 0.040000	 0.000300	 -0.000600	 -0.001000	 5.329733
14.000000	 19.000000	 0.001500	 0.040000	 0.000300	 -0.000600	 -0.000500	 5.521326
14.000000	 19.000000	 0.001500	 0.040000	 0.000500	 -0.001000	 -0.003000	 5.326784
14.000000	 19.000000	 0.001500	 0.040000	 0.000500	 -0.001000	 -0.002500	 5.239485
14.000000	 19.000000	 0.001500	 0.040000	 0.000500	 -0.001000	 -0.002000	 5.207969
14.000000	 19.000000	 0.001500	 0.040000	 0.000500	 -0.001000	 -0.001500	 5.243438
14.000000	 19.000000	 0.001500	 0.040000	 0.000500	 -0.001000	 -0.001000	 5.354077
14.000000	 19.000000	 0.001500	 0.040000	 0.000500	 -0.001000	 -0.000500	 5.544828
14.000000	 19.000000	 0.001500	 0.040000	 0.000500	 -0.000800	 -0.003000	 5.289650
14.000000	 19.000000	 0.001500	 0.040000	 0.000500	 -0.000800	 -0.002500	 5.201727
14.000000	 19.000000	 0.001500	 0.040000	 0.000500	 -0.000800	 -0.002000	 5.169982
14.000000	 19.000000	 0.001500	 0.040000	 0.000500	 -0.000800	 -0.001500	 5.205709
14.000000	 19.000000	 0.001500	 0.040000	 0.000500	 -0.000800	 -0.001000	 5.317133
14.000000	 19.000000	 0.001500	 0.040000	 0.000500	 -0.000800	 -0.000500	 5.509164
14.000000	 19.000000	 0.001500	 0.040000	 0.000500	 -0.000600	 -0.003000	 5.267334
14.000000	 19.000000	 0.001500	 0.040000	 0.000500	 -0.000600	 -0.002500	 5.179032
14.000000	 19.000000	 0.001500	 0.040000	 0.000500	 -0.000600	 -0.002000	 5.147147
14.000000	 19.000000	 0.001500	 0.040000	 0.000500	 -0.000600	 -0.001500	 5.183031
14.000000	 19.000000	 0.001500	 0.040000	 0.000500	 -0.000600	 -0.001000	 5.294933
14.000000	 19.000000	 0.001500	 0.040000	 0.000500	 -0.000600	 -0.000500	 5.487741
14.000000	 19.000000	 0.001500	 0.040000	 0.000700	 -0.001000	 -0.003000	 5.303645
14.000000	 19.000000	 0.001500	 0.040000	 0.000700	 -0.001000	 -0.002500	 5.215958
14.000000	 19.000000	 0.001500	 0.040000	 0.000700	 -0.001000	 -0.002000	 5.184299
14.000000	 19.000000	 0.001500	 0.040000	 0.000700	 -0.001000	 -0.001500	 5.219929
14.000000	 19.000000	 0.001500	 0.040000	 0.000700	 -0.001000	 -0.001000	 5.331055
14.000000	 19.000000	 0.001500	 0.040000	 0.000700	 -0.001000	 -0.000500	 5.522602
14.000000	 19.000000	 0.001500	 0.040000	 0.000700	 -0.000800	 -0.003000	 5.266348
14.000000	 19.000000	 0.001500	 0.040000	 0.000700	 -0.000800	 -0.002500	 5.178029
14.000000	 19.000000	 0.001500	 0.040000	 0.000700	 -0.000800	 -0.002000	 5.146137
14.000000	 19.000000	 0.001500	 0.040000	 0.000700	 -0.000800	 -0.001500	 5.182029
14.000000	 19.000000	 0.001500	 0.040000	 0.000700	 -0.000800	 -0.001000	 5.293951
14.000000	 19.000000	 0.001500	 0.040000	 0.000700	 -0.000800	 -0.000500	 5.486794
14.000000	 19.000000	 0.001500	 0.040000	 0.000700	 -0.000600	 -0.003000	 5.243932
14.000000	 19.000000	 0.001500	 0.040000	 0.000700	 -0.000600	 -0.002500	 5.155229
14.000000	 19.000000	 0.001500	 0.040000	 0.000700	 -0.000600	 -0.002000	 5.123196
14.000000	 19.000000	 0.001500	 0.040000	 0.000700	 -0.000600	 -0.001500	 5.159247
14.000000	 19.000000	 0.001500	 0.040000	 0.000700	 -0.000600	 -0.001000	 5.271653
14.000000	 19.000000	 0.001500	 0.040000	 0.000700	 -0.000600	 -0.000500	 5.465283
14.000000	 19.000000	 0.002000	 0.020000	 0.000100	 -0.001000	 -0.003000	 5.219583
14.000000	 19.000000	 0.002000	 0.020000	 0.000100	 -0.001000	 -0.002500	 5.237402
14.000000	 19.000000	 0.002000	 0.020000	 0.000100	 -0.001000	 -0.002000	 5.353334
14.000000	 19.000000	 0.002000	 0.020000	 0.000100	 -0.001000	 -0.001500	 5.577162
14.000000	 19.000000	 0.002000	 0.020000	 0.000100	 -0.001000	 -0.001000	 5.910415
14.000000	 19.000000	 0.002000	 0.020000	 0.000100	 -0.001000	 -0.000500	 6.348541
14.000000	 19.000000	 0.002000	 0.020000	 0.000100	 -0.000800	 -0.003000	 5.238517
14.000000	 19.000000	 0.002000	 0.020000	 0.000100	 -0.000800	 -0.002500	 5.256272
14.000000	 19.000000	 0.002000	 0.020000	 0.000100	 -0.000800	 -0.002000	 5.371797
14.000000	 19.000000	 0.002000	 0.020000	 0.000100	 -0.000800	 -0.001500	 5.594886
14.000000	 19.000000	 0.002000	 0.020000	 0.000100	 -0.000800	 -0.001000	 5.927143
14.000000	 19.000000	 0.002000	 0.020000	 0.000100	 -0.000800	 -0.000500	 6.364118
14.000000	 19.000000	 0.002000	 0.020000	 0.000100	 -0.000600	 -0.003000	 5.280738
14.000000	 19.000000	 0.002000	 0.020000	 0.000100	 -0.000600	 -0.002500	 5.298351
14.000000	 19.000000	 0.002000	 0.020000	 0.000100	 -0.000600	 -0.002000	 5.412978
14.000000	 19.000000	 0.002000	 0.020000	 0.000100	 -0.000600	 -0.001500	 5.634437
14.000000	 19.000000	 0.002000	 0.020000	 0.000100	 -0.000600	 -0.001000	 5.964491
14.000000	 19.000000	 0.002000	 0.020000	 0.000100	 -0.000600	 -0.000500	 6.398916
14.000000	 19.000000	 0.002000	 0.020000	 0.000300	 -0.001000	 -0.003000	 5.212297
14.000000	 19.000000	 0.002000	 0.020000	 0.000300	 -0.001000	 -0.002500	 5.230141
14.000000	 19.000000	 0.002000	 0.020000	 0.000300	 -0.001000	 -0.002000	 5.346231
14.000000	 19.000000	 0.002000	 0.020000	 0.000300	 -0.001000	 -0.001500	 5.570344
14.000000	 19.000000	 0.002000	 0.020000	 0.000300	 -0.001000	 -0.001000	 5.903982
14.000000	 19.000000	 0.002000	 0.020000	 0.000300	 -0.001000	 -0.000500	 6.342553
14.000000	 19.000000	 0.002000	 0.020000	 0.000300	 -0.000800	 -0.003000	 5.231257
14.000000	 19.000000	 0.002000	 0.020000	 0.000300	 -0.000800	 -0.002500	 5.249037
14.000000	 19.000000	 0.002000	 0.020000	 0.000300	 -0.000800	 -0.002000	 5.364718
14.000000	 19.000000	 0.002000	 0.020000	 0.000300	 -0.000800	 -0.001500	 5.588090
14.000000	 19.000000	 0.002000	 0.020000	 0.000300	 -0.000800	 -0.001000	 5.920728
14.000000	 19.000000	 0.002000	 0.020000	 0.000300	 -0.000800	 -0.000500	 6.358144
14.000000	 19.000000	 0.002000	 0.020000	 0.000300	 -0.000600	 -0.003000	 5.273536
14.000000	 19.000000	 0.002000	 0.020000	 0.000300	 -0.000600	 -0.002500	 5.291174
14.000000	 19.000000	 0.002000	 0.020000	 0.000300	 -0.000600	 -0.002000	 5.405953
14.000000	 19.000000	 0.002000	 0.020000	 0.000300	 -0.000600	 -0.001500	 5.627689
14.000000	 19.000000	 0.002000	 0.020000	 0.000300	 -0.000600	 -0.001000	 5.958116
14.000000	 19.000000	 0.002000	 0.020000	 0.000300	 -0.000600	 -0.000500	 6.392974
14.000000	 19.000000	 0.002000	 0.020000	 0.000500	 -0.001000	 -0.003000	 5.213145
14.000000	 19.000000	 0.002000	 0.020000	 0.000500	 -0.001000	 -0.002500	 5.230986
14.000000	 19.000000	 0.002000	 0.020000	 0.000500	 -0.001000	 -0.002000	 5.347058
14.000000	 19.000000	 0.002000	 0.020000	 0.000500	 -0.001000	 -0.001500	 5.571138
14.000000	 19.000000	 0.002000	 0.020000	 0.000500	 -0.001000	 -0.001000	 5.904731
14.000000	 19.000000	 0.002000	 0.020000	 0.000500	 -0.001000	 -0.000500	 6.343250
14.000000	 19.000000	 0.002000	 0.020000	 0.000500	 -0.000800	 -0.003000	 5.232103
14.000000	 19.000000	 0.002000	 0.020000	 0.000500	 -0.000800	 -0.002500	 5.249879
14.000000	 19.000000	 0.002000	 0.020000	 0.000500	 -0.000800	 -0.002000	 5.365542
14.000000	 19.000000	 0.002000	 0.020000	 0.000500	 -0.000800	 -0.001500	 5.588881
14.000000	 19.000000	 0.002000	 0.020000	 0.000500	 -0.000800	 -0.001000	 5.921475
14.000000	 19.000000	 0.002000	 0.020000	 0.000500	 -0.000800	 -0.000500	 6.358839
14.000000	 19.000000	 0.002000	 0.020000	 0.000500	 -0.000600	 -0.003000	 5.274375
14.000000	 19.000000	 0.002000	 0.020000	 0.000500	 -0.000600	 -0.002500	 5.292009
14.000000	 19.000000	 0.002000	 0.020000	 0.000500	 -0.000600	 -0.002000	 5.406771
14.000000	 19.000000	 0.002000	 0.020000	 0.000500	 -0.000600	 -0.001500	 5.628474
14.000000	 19.000000	 0.002000	 0.020000	 0.000500	 -0.000600	 -0.001000	 5.958858
14.000000	 19.000000	 0.002000	 0.020000	 0.000500	 -0.000600	 -0.000500	 6.393666
14.000000	 19.000000	 0.002000	 0.020000	 0.000700	 -0.001000	 -0.003000	 5.222452
14.000000	 19.000000	 0.002000	 0.020000	 0.000700	 -0.001000	 -0.002500	 5.240261
14.000000	 19.000000	 0.002000	 0.020000	 0.000700	 -0.001000	 -0.002000	 5.356132
14.000000	 19.000000	 0.002000	 0.020000	 0.000700	 -0.001000	 -0.001500	 5.579847
14.000000	 19.000000	 0.002000	 0.020000	 0.000700	 -0.001000	 -0.001000	 5.912949
14.000000	 19.000000	 0.002000	 0.020000	 0.000700	 -0.001000	 -0.000500	 6.350901
14.000000	 19.000000	 0.002000	 0.020000	 0.000700	 -0.000800	 -0.003000	 5.241376
14.000000	 19.000000	 0.002000	 0.020000	 0.000700	 -0.000800	 -0.002500	 5.259121
14.000000	 19.000000	 0.002000	 0.020000	 0.000700	 -0.000800	 -0.002000	 5.374585
14.000000	 19.000000	 0.002000	 0.020000	 0.000700	 -0.000800	 -0.001500	 5.597563
14.000000	 19.000000	 0.002000	 0.020000	 0.000700	 -0.000800	 -0.001000	 5.929670
14.000000	 19.000000	 0.002000	 0.020000	 0.000700	 -0.000800	 -0.000500	 6.366471
14.000000	 19.000000	 0.002000	 0.020000	 0.000700	 -0.000600	 -0.003000	 5.283573
14.000000	 19.000000	 0.002000	 0.020000	 0.000700	 -0.000600	 -0.002500	 5.301178
14.000000	 19.000000	 0.002000	 0.020000	 0.000700	 -0.000600	 -0.002000	 5.415745
14.000000	 19.000000	 0.002000	 0.020000	 0.000700	 -0.000600	 -0.001500	 5.637095
14.000000	 19.000000	 0.002000	 0.020000	 0.000700	 -0.000600	 -0.001000	 5.967002
14.000000	 19.000000	 0.002000	 0.020000	 0.000700	 -0.000600	 -0.000500	 6.401256
14.000000	 19.000000	 0.002000	 0.030000	 0.000100	 -0.001000	 -0.003000	 4.585284
14.000000	 19.000000	 0.002000	 0.030000	 0.000100	 -0.001000	 -0.002500	 4.539893
14.000000	 19.000000	 0.002000	 0.030000	 0.000100	 -0.001000	 -0.002000	 4.581695
14.000000	 19.000000	 0.002000	 0.030000	 0.000100	 -0.001000	 -0.001500	 4.721987
14.000000	 19.000000	 0.002000	 0.030000	 0.000100	 -0.001000	 -0.001000	 4.964208
14.000000	 19.000000	 0.002000	 0.030000	 0.000100	 -0.001000	 -0.000500	 5.305256
14.000000	 19.000000	 0.002000	 0.030000	 0.000100	 -0.000800	 -0.003000	 4.567719
14.000000	 19.000000	 0.002000	 0.030000	 0.000100	 -0.000800	 -0.002500	 4.522152
14.000000	 19.000000	 0.002000	 0.030000	 0.000100	 -0.000800	 -0.002000	 4.564116
14.000000	 19.000000	 0.002000	 0.030000	 0.000100	 -0.000800	 -0.001500	 4.704933
14.000000	 19.000000	 0.002000	 0.030000	 0.000100	 -0.000800	 -0.001000	 4.947989
14.000000	 19.000000	 0.002000	 0.030000	 0.000100	 -0.000800	 -0.000500	 5.290082
14.000000	 19.000000	 0.002000	 0.030000	 0.000100	 -0.000600	 -0.003000	 4.571305
14.000000	 19.000000	 0.002000	 0.030000	 0.000100	 -0.000600	 -0.002500	 4.525775
14.000000	 19.000000	 0.002000	 0.030000	 0.000100	 -0.000600	 -0.002000	 4.567705
14.000000	 19.000000	 0.002000	 0.030000	 0.000100	 -0.000600	 -0.001500	 4.708414
14.000000	 19.000000	 0.002000	 0.030000	 0.000100	 -0.000600	 -0.001000	 4.951300
14.000000	 19.000000	 0.002000	 0.030000	 0.000100	 -0.000600	 -0.000500	 5.293179
14.000000	 19.000000	 0.002000	 0.030000	 0.000300	 -0.001000	 -0.003000	 4.552361
14.000000	 19.000000	 0.002000	 0.030000	 0.000300	 -0.001000	 -0.002500	 4.506639
14.000000	 19.000000	 0.002000	 0.030000	 0.000300	 -0.001000	 -0.002000	 4.548746
14.000000	 19.000000	 0.002000	 0.030000	 0.000300	 -0.001000	 -0.001500	 4.690024
14.000000	 19.000000	 0.002000	 0.030000	 0.000300	 -0.001000	 -0.001000	 4.933815
14.000000	 19.000000	 0.002000	 0.030000	 0.000300	 -0.001000	 -0.000500	 5.276827
14.000000	 19.000000	 0.002000	 0.030000	 0.000300	 -0.000800	 -0.003000	 4.534668
14.000000	 19.000000	 0.002000	 0.030000	 0.000300	 -0.000800	 -0.002500	 4.488766
14.000000	 19.000000	 0.002000	 0.030000	 0.000300	 -0.000800	 -0.002000	 4.531039
14.000000	 19.000000	 0.002000	 0.030000	 0.000300	 -0.000800	 -0.001500	 4.672852
14.000000	 19.000000	 0.002000	 0.030000	 0.000300	 -0.000800	 -0.001000	 4.917495
14.000000	 19.000000	 0.002000	 0.030000	 0.000300	 -0.000800	 -0.000500	 5.261571
14.000000	 19.000000	 0.002000	 0.030000	 0.000300	 -0.000600	 -0.003000	 4.538281
14.000000	 19.000000	 0.002000	 0.030000	 0.000300	 -0.000600	 -0.002500	 4.492416
14.000000	 19.000000	 0.002000	 0.030000	 0.000300	 -0.000600	 -0.002000	 4.534655
14.000000	 19.000000	 0.002000	 0.030000	 0.000300	 -0.000600	 -0.001500	 4.676358
14.000000	 19.000000	 0.002000	 0.030000	 0.000300	 -0.000600	 -0.001000	 4.920826
14.000000	 19.000000	 0.002000	 0.030000	 0.000300	 -0.000600	 -0.000500	 5.264685
14.000000	 19.000000	 0.002000	 0.030000	 0.000500	 -0.001000	 -0.003000	 4.531805
14.000000	 19.000000	 0.002000	 0.030000	 0.000500	 -0.001000	 -0.002500	 4.485874
14.000000	 19.000000	 0.002000	 0.030000	 0.000500	 -0.001000	 -0.002000	 4.528174
14.000000	 19.000000	 0.002000	 0.030000	 0.000500	 -0.001000	 -0.001500	 4.670074
14.000000	 19.000000	 0.002000	 0.030000	 0.000500	 -0.001000	 -0.001000	 4.914855
14.000000	 19.000000	 0.002000	 0.030000	 0.000500	 -0.001000	 -0.000500	 5.259104
14.000000	 19.000000	 0.002000	 0.030000	 0.000500	 -0.000800	 -0.003000	 4.514032
14.000000	 19.000000	 0.002000	 0.030000	 0.000500	 -0.000800	 -0.002500	 4.467918
14.000000	 19.000000	 0.002000	 0.030000	 0.000500	 -0.000800	 -0.002000	 4.510386
14.000000	 19.000000	 0.002000	 0.030000	 0.000500	 -0.000800	 -0.001500	 4.652829
14.000000	 19.000000	 0.002000	 0.030000	 0.000500	 -0.000800	 -0.001000	 4.898472
14.000000	 19.000000	 0.002000	 0.030000	 0.000500	 -0.000800	 -0.000500	 5.243796
14.000000	 19.000000	 0.002000	 0.030000	 0.000500	 -0.000600	 -0.003000	 4.517661
14.000000	 19.000000	 0.002000	 0.030000	 0.000500	 -0.000600	 -0.002500	 4.471585
14.000000	 19.000000	 0.002000	 0.030000	 0.000500	 -0.000600	 -0.002000	 4.514018
14.000000	 19.000000	 0.002000	 0.030000	 0.000500	 -0.000600	 -0.001500	 4.656350
14.000000	 19.000000	 0.002000	 0.030000	 0.000500	 -0.000600	 -0.001000	 4.901816
14.000000	 19.000000	 0.002000	 0.030000	 0.000500	 -0.000600	 -0.000500	 5.246921
14.000000	 19.000000	 0.002000	 0.030000	 0.000700	 -0.001000	 -0.003000	 4.522964
14.000000	 19.000000	 0.002000	 0.030000	 0.000700	 -0.001000	 -0.002500	 4.476941
14.000000	 19.000000	 0.002000	 0.030000	 0.000700	 -0.001000	 -0.002000	 4.519325
14.000000	 19.000000	 0.002000	 0.030000	 0.000700	 -0.001000	 -0.001500	 4.661495
14.000000	 19.000000	 0.002000	 0.030000	 0.000700	 -0.001000	 -0.001000	 4.906703
14.000000	 19.000000	 0.002000	 0.030000	 0.000700	 -0.001000	 -0.000500	 5.251487
14.000000	 19.000000	 0.002000	 0.030000	 0.000700	 -0.000800	 -0.003000	 4.505156
14.000000	 19.000000	 0.002000	 0.030000	 0.000700	 -0.000800	 -0.002500	 4.458950
14.000000	 19.000000	 0.002000	 0.030000	 0.000700	 -0.000800	 -0.002000	 4.501503
14.000000	 19.000000	 0.002000	 0.030000	 0.000700	 -0.000800	 -0.001500	 4.644218
14.000000	 19.000000	 0.002000	 0.030000	 0.000700	 -0.000800	 -0.001000	 4.890293
14.000000	 19.000000	 0.002000	 0.030000	 0.000700	 -0.000800	 -0.000500	 5.236157
14.000000	 19.000000	 0.002000	 0.030000	 0.000700	 -0.000600	 -0.003000	 4.508792
14.000000	 19.000000	 0.002000	 0.030000	 0.000700	 -0.000600	 -0.002500	 4.462624
14.000000	 19.000000	 0.002000	 0.030000	 0.000700	 -0.000600	 -0.002000	 4.505142
14.000000	 19.000000	 0.002000	 0.030000	 0.000700	 -0.000600	 -0.001500	 4.647746
14.000000	 19.000000	 0.002000	 0.030000	 0.000700	 -0.000600	 -0.001000	 4.893643
14.000000	 19.000000	 0.002000	 0.030000	 0.000700	 -0.000600	 -0.000500	 5.239286
14.000000	 19.000000	 0.002000	 0.040000	 0.000100	 -0.001000	 -0.003000	 5.407323
14.000000	 19.000000	 0.002000	 0.040000	 0.000100	 -0.001000	 -0.002500	 5.321412
14.000000	 19.000000	 0.002000	 0.040000	 0.000100	 -0.001000	 -0.002000	 5.290407
14.000000	 19.000000	 0.002000	 0.040000	 0.000100	 -0.001000	 -0.001500	 5.325289
14.000000	 19.000000	 0.002000	 0.040000	 0.000100	 -0.001000	 -0.001000	 5.434151
14.000000	 19.000000	 0.002000	 0.040000	 0.000100	 -0.001000	 -0.000500	 5.621974
14.000000	 19.000000	 0.002000	 0.040000	 0.000100	 -0.000800	 -0.003000	 5.370737
14.000000	 19.000000	 0.002000	 0.040000	 0.000100	 -0.000800	 -0.002500	 5.284231
14.000000	 19.000000	 0.002000	 0.040000	 0.000100	 -0.000800	 -0.002000	 5.253006
14.000000	 19.000000	 0.002000	 0.040000	 0.000100	 -0.000800	 -0.001500	 5.288135
14.000000	 19.000000	 0.002000	 0.040000	 0.000100	 -0.000800	 -0.001000	 5.397746
14.000000	 19.000000	 0.002000	 0.040000	 0.000100	 -0.000800	 -0.000500	 5.586794
14.000000	 19.000000	 0.002000	 0.040000	 0.000100	 -0.000600	 -0.003000	 5.348723
14.000000	 19.000000	 0.002000	 0.040000	 0.000100	 -0.000600	 -0.002500	 5.261856
14.000000	 19.000000	 0.002000	 0.040000	 0.000100	 -0.000600	 -0.002000	 5.230497
14.000000	 19.000000	 0.002000	 0.040000	 0.000100	 -0.000600	 -0.001500	 5.265777
14.000000	 19.000000	 0.002000	 0.040000	 0.000100	 -0.000600	 -0.001000	 5.375843
14.000000	 19.000000	 0.002000	 0.040000	 0.000100	 -0.000600	 -0.000500	 5.565635
14.000000	 19.000000	 0.002000	 0.040000	 0.000300	 -0.001000	 -0.003000	 5.359672
14.000000	 19.000000	 0.002000	 0.040000	 0.000300	 -0.001000	 -0.002500	 5.272985
14.000000	 19.000000	 0.002000	 0.040000	 0.000300	 -0.001000	 -0.002000	 5.241693
14.000000	 19.000000	 0.002000	 0.040000	 0.000300	 -0.001000	 -0.001500	 5.276898
14.000000	 19.000000	 0.002000	 0.040000	 0.000300	 -0.001000	 -0.001000	 5.386737
14.000000	 19.000000	 0.002000	 0.040000	 0.000300	 -0.001000	 -0.000500	 5.576158
14.000000	 19.000000	 0.002000	 0.040000	 0.000300	 -0.000800	 -0.003000	 5.322758
14.000000	 19.000000	 0.002000	 0.040000	 0.000300	 -0.000800	 -0.002500	 5.235460
14.000000	 19.000000	 0.002000	 0.040000	 0.000300	 -0.000800	 -0.002000	 5.203942
14.000000	 19.000000	 0.002000	 0.040000	 0.000300	 -0.000800	 -0.001500	 5.239401
14.000000	 19.000000	 0.002000	 0.040000	 0.000300	 -0.000800	 -0.001000	 5.350010
14.000000	 19.000000	 0.002000	 0.040000	 0.000300	 -0.000800	 -0.000500	 5.540686
14.000000	 19.000000	 0.002000	 0.040000	 0.000300	 -0.000600	 -0.003000	 5.300546
14.000000	 19.000000	 0.002000	 0.040000	 0.000300	 -0.000600	 -0.002500	 5.212875
14.000000	 19.000000	 0.002000	 0.040000	 0.000300	 -0.000600	 -0.002000	 5.181220
14.000000	 19.000000	 0.002000	 0.040000	 0.000300	 -0.000600	 -0.001500	 5.216833
14.000000	 19.000000	 0.002000	 0.040000	 0.000300	 -0.000600	 -0.001000	 5.327911
14.000000	 19.000000	 0.002000	 0.040000	 0.000300	 -0.000600	 -0.000500	 5.519351
14.000000	 19.000000	 0.002000	 0.040000	 0.000500	 -0.001000	 -0.003000	 5.325149
14.000000	 19.000000	 0.002000	 0.040000	 0.000500	 -0.001000	 -0.002500	 5.237891
14.000000	 19.000000	 0.002000	 0.040000	 0.000500	 -0.001000	 -0.002000	 5.206388
14.000000	 19.000000	 0.002000	 0.040000	 0.000500	 -0.001000	 -0.001500	 5.241829
14.000000	 19.000000	 0.002000	 0.040000	 0.000500	 -0.001000	 -0.001000	 5.352389
14.000000	 19.000000	 0.002000	 0.040000	 0.000500	 -0.001000	 -0.000500	 5.542983
14.000000	 19.000000	 0.002000	 0.040000	 0.000500	 -0.000800	 -0.003000	 5.287994
14.000000	 19.000000	 0.002000	 0.040000	 0.000500	 -0.000800	 -0.002500	 5.200112
14.000000	 19.000000	 0.002000	 0.040000	 0.000500	 -0.000800	 -0.002000	 5.168379
14.000000	 19.000000	 0.002000	 0.040000	 0.000500	 -0.000800	 -0.001500	 5.204080
14.000000	 19.000000	 0.002000	 0.040000	 0.000500	 -0.000800	 -0.001000	 5.315424
14.000000	 19.000000	 0.002000	 0.040000	 0.000500	 -0.000800	 -0.000500	 5.507298
14.000000	 19.000000	 0.002000	 0.040000	 0.000500	 -0.000600	 -0.003000	 5.265635
14.000000	 19.000000	 0.002000	 0.040000	 0.000500	 -0.000600	 -0.002500	 5.177373
14.000000	 19.000000	 0.002000	 0.040000	 0.000500	 -0.000600	 -0.002000	 5.145500
14.000000	 19.000000	 0.002000	 0.040000	 0.000500	 -0.000600	 -0.001500	 5.181358
14.000000	 19.000000	 0.002000	 0.040000	 0.000500	 -0.000600	 -0.001000	 5.293181
14.000000	 19.000000	 0.002000	 0.040000	 0.000500	 -0.000600	 -0.000500	 5.485832
14.000000	 19.000000	 0.002000	 0.040000	 0.000700	 -0.001000	 -0.003000	 5.301993
14.000000	 19.000000	 0.002000	 0.040000	 0.000700	 -0.001000	 -0.002500	 5.214347
14.000000	 19.000000	 0.002000	 0.040000	 0.000700	 -0.001000	 -0.002000	 5.182701
14.000000	 19.000000	 0.002000	 0.040000	 0.000700	 -0.001000	 -0.001500	 5.218303
14.000000	 19.000000	 0.002000	 0.040000	 0.000700	 -0.001000	 -0.001000	 5.329351
14.000000	 19.000000	 0.002000	 0.040000	 0.000700	 -0.001000	 -0.000500	 5.520740
14.000000	 19.000000	 0.002000	 0.040000	 0.000700	 -0.000800	 -0.003000	 5.264674
14.000000	 19.000000	 0.002000	 0.040000	 0.000700	 -0.000800	 -0.002500	 5.176396
14.000000	 19.000000	 0.002000	 0.040000	 0.000700	 -0.000800	 -0.002000	 5.144517
14.000000	 19.000000	 0.002000	 0.040000	 0.000700	 -0.000800	 -0.001500	 5.180382
14.000000	 19.000000	 0.002000	 0.040000	 0.000700	 -0.000800	 -0.001000	 5.292225
14.000000	 19.000000	 0.002000	 0.040000	 0.000700	 -0.000800	 -0.000500	 5.484911
14.000000	 19.000000	 0.002000	 0.040000	 0.000700	 -0.000600	 -0.003000	 5.242215
14.000000	 19.000000	 0.002000	 0.040000	 0.000700	 -0.000600	 -0.002500	 5.153553
14.000000	 19.000000	 0.002000	 0.040000	 0.000700	 -0.000600	 -0.002000	 5.121531
14.000000	 19.000000	 0.002000	 0.040000	 0.000700	 -0.000600	 -0.001500	 5.157556
14.000000	 19.000000	 0.002000	 0.040000	 0.000700	 -0.000600	 -0.001000	 5.269884
14.000000	 19.000000	 0.002000	 0.040000	 0.000700	 -0.000600	 -0.000500	 5.463357
